378 872
18 0
1 0
2 1
1 2
19 1
3 1
20 3
4 3
20 4
5 4
6 5
21 6
7 6
6 7
8 6
22 8
9 8
10 9
9 10
11 10
12 11
13 12
23 13
24 13
14 13
25 14
15 14
25 15
16 15
26 16
17 16
27 17
28 17
29 18
1 18
29 1
30 1
31 19
20 19
32 20
5 20
33 5
21 5
34 21
6 21
35 6
36 6
22 6
37 22
9 22
38 9
39 9
11 9
40 12
23 12
40 23
24 23
41 24
25 24
41 25
42 25
26 25
25 26
27 26
43 27
28 27
44 28
45 29
46 29
30 29
47 30
31 30
20 31
48 20
33 32
49 33
34 33
50 34
35 34
51 35
36 35
52 36
6 36
52 6
37 6
38 37
53 38
39 38
53 39
11 39
54 11
40 11
55 40
41 40
56 41
42 41
57 42
25 42
58 25
43 25
44 43
59 45
29 45
60 29
47 46
31 47
61 31
48 31
62 48
32 48
63 32
49 32
63 49
50 49
64 50
51 50
64 51
52 51
64 52
65 52
37 52
66 37
53 37
67 53
54 53
68 54
55 54
69 55
40 55
70 40
56 40
70 56
41 56
57 41
71 57
58 57
72 58
25 58
73 25
74 43
75 59
60 59
76 60
47 60
77 47
61 47
78 61
62 61
79 62
63 62
80 63
81 63
64 63
82 64
83 64
84 64
65 64
66 65
85 66
67 66
86 67
68 67
87 68
69 68
70 69
41 70
88 41
71 41
89 71
72 71
89 72
73 72
89 73
74 73
90 74
44 74
91 44
92 75
76 75
93 76
77 76
93 77
94 77
78 77
95 78
79 78
80 79
96 80
81 80
97 81
82 81
97 82
83 82
98 83
84 83
99 84
65 84
100 65
85 65
86 85
85 86
67 86
101 67
87 67
102 87
69 87
69 70
88 70
89 88
103 89
90 89
91 90
104 91
105 92
93 92
105 93
106 93
94 93
107 94
95 94
108 95
79 95
108 79
96 79
97 96
109 97
110 97
98 97
99 98
111 99
100 99
112 100
85 100
112 85
113 85
101 85
114 101
102 101
115 102
69 102
116 69
117 69
118 70
119 88
120 89
121 103
89 103
122 89
123 90
104 90
124 104
125 105
106 105
126 106
107 106
127 107
108 107
128 108
129 108
96 108
130 96
109 96
131 109
110 109
132 110
98 110
132 98
111 98
133 111
112 111
133 112
134 112
113 112
135 113
114 113
115 114
136 115
116 115
137 116
117 116
137 117
118 117
138 118
119 118
139 119
120 119
139 120
121 120
139 121
122 121
123 122
122 123
124 123
105 125
126 105
140 126
127 126
140 127
128 127
140 128
129 128
140 129
130 129
131 130
141 131
132 131
142 132
133 132
142 133
134 133
143 134
135 134
144 135
114 135
136 114
145 136
137 136
145 137
138 137
146 138
139 138
147 139
148 139
122 139
149 122
124 122
150 124
151 105
140 105
152 140
153 140
154 140
130 140
155 130
141 130
156 141
142 141
157 142
158 142
133 142
159 133
143 133
144 143
145 144
114 144
145 114
160 145
137 145
161 137
146 137
162 146
139 146
148 147
163 148
149 148
164 149
150 149
165 151
105 151
152 105
166 152
153 152
167 153
140 153
168 140
169 154
155 154
170 155
156 155
171 156
157 156
171 157
158 157
171 158
142 158
172 142
159 142
173 159
143 159
145 143
174 145
175 145
176 160
161 160
162 161
147 162
177 147
178 147
163 147
164 163
179 164
180 164
150 164
181 165
105 165
182 105
166 105
183 166
167 166
184 167
168 167
184 168
169 168
170 169
171 170
185 171
172 171
185 172
173 172
143 173
174 143
175 174
176 175
186 176
162 176
187 162
177 162
188 177
178 177
189 178
163 178
190 163
179 163
191 179
180 179
192 180
150 180
193 150
194 181
182 181
195 182
183 182
196 183
184 183
197 184
198 184
169 184
198 169
199 170
185 170
199 185
200 185
201 185
202 185
143 185
203 143
204 143
205 174
205 175
186 175
206 186
187 186
207 187
188 187
208 188
189 188
209 189
190 189
210 190
191 190
192 191
211 192
193 192
195 194
212 195
196 195
212 196
197 196
213 197
198 197
214 198
215 198
199 198
216 199
217 199
200 199
202 200
201 200
202 201
203 202
218 203
204 203
205 204
219 205
220 205
221 205
206 205
222 206
207 206
223 207
187 207
224 187
208 187
225 208
209 208
226 209
210 209
227 210
191 210
211 191
193 211
228 193
229 194
212 194
229 212
230 212
213 212
230 213
214 213
231 214
215 214
231 215
216 215
231 216
217 216
231 217
202 217
231 202
232 202
218 202
233 218
204 218
234 204
219 204
220 219
235 220
221 220
236 221
222 221
237 222
223 222
224 223
223 224
225 224
238 225
226 225
239 226
227 226
240 227
191 227
228 211
241 228
242 229
243 229
230 229
244 230
231 230
245 231
246 231
247 231
232 231
231 232
233 231
248 233
234 233
219 234
234 219
235 219
249 235
236 235
250 236
237 236
251 237
223 237
251 223
252 223
238 223
253 238
239 238
254 239
240 239
255 240
211 240
256 211
241 211
211 241
243 242
257 243
244 243
258 244
259 244
245 244
260 245
261 245
246 245
262 246
247 246
262 247
231 247
263 231
264 231
248 231
265 248
234 248
266 234
249 234
250 249
267 250
251 250
268 251
269 251
252 251
253 252
252 253
254 253
270 254
255 254
271 255
256 255
272 256
211 256
273 211
274 242
257 242
258 257
275 258
259 258
276 259
260 259
277 260
261 260
278 261
262 261
279 262
263 262
280 263
264 263
281 264
265 264
282 265
266 265
283 266
284 266
249 266
284 249
267 249
284 267
268 267
284 268
269 268
285 269
252 269
286 252
270 252
286 270
271 270
287 271
272 271
288 272
211 272
288 211
289 274
257 274
290 257
275 257
276 275
275 276
277 276
291 277
278 277
291 278
262 278
291 262
280 279
264 280
282 281
292 282
283 282
284 283
293 284
294 284
285 284
295 285
252 285
296 252
297 286
298 286
287 286
288 287
299 288
273 288
300 273
301 289
290 289
302 290
275 290
303 275
291 275
304 291
305 291
280 291
306 280
307 264
308 281
292 281
309 292
283 292
310 283
311 284
312 293
284 293
313 284
314 294
295 294
315 295
296 295
316 296
297 296
317 297
298 297
318 298
288 298
319 288
320 299
300 299
321 301
302 301
321 302
303 302
321 303
304 303
322 304
305 304
323 305
291 305
324 291
306 291
325 306
307 306
326 307
308 307
309 308
310 309
327 310
311 310
312 311
311 312
313 312
314 313
328 314
315 314
316 315
317 316
318 317
329 318
319 318
329 319
288 319
330 288
320 288
300 320
331 321
303 321
332 303
322 303
333 322
323 322
334 323
324 323
335 324
325 324
336 325
337 325
326 325
338 326
308 326
339 309
327 309
340 327
311 327
313 311
311 313
328 313
341 328
315 328
342 315
343 316
344 317
329 317
345 329
346 329
330 329
347 330
300 330
347 300
348 300
349 331
321 331
349 321
332 321
334 332
333 332
334 333
335 334
350 335
336 335
337 336
338 337
308 338
339 308
340 339
311 340
351 311
352 311
341 311
353 341
342 341
354 342
343 342
354 343
344 343
355 344
345 344
356 345
346 345
357 346
347 346
358 347
359 347
348 347
360 348
361 321
362 349
334 349
363 334
364 334
350 334
365 350
336 350
366 336
338 336
367 338
368 338
369 308
340 308
370 340
371 340
351 340
372 351
373 351
352 351
374 352
353 352
354 353
375 354
355 354
356 355
357 356
376 357
358 357
377 358
359 358
377 359
360 359
349 361
363 362
364 363
365 364
366 365
367 366
368 367
369 368
370 369
371 370
372 371
373 372
374 373
353 374
356 375
376 356
377 376
360 377
0 2 0 0 2 3 4 2 0 4 1 0 1 4 3 2 0 1 3 3 1 1 1 0 3 0 2 0 4 4 0 2 3 4 0 3 2 2 1 3 3 2 1 4 3 3 0 1 0 0 1 0 3 4 3 1 0 0 3 4 3 3 2 4 2 0 3 0 2 3 4 4 0 3 2 2 0 4 0 1 0 3 4 0 1 1 4 4 0 2 0 2 0 1 3 4 4 1 2 0 4 3 2 1 4 4 3 2 3 2 3 1 0 2 4 3 4 2 1 4 1 3 0 1 3 3 0 1 4 2 0 4 1 3 4 3 2 1 3 2 3 1 4 1 2 0 4 3 4 1 2 0 0 2 0 1 2 3 0 2 4 0 1 0 4 3 2 1 2 4 0 1 3 0 2 4 0 2 4 3 0 2 0 1 3 2 2 0 1 0 1 0 1 0 0 3 0 2 1 4 0 3 4 3 0 1 0 2 4 3 4 2 2 1 2 3 1 3 1 4 0 4 1 3 4 2 0 1 3 1 4 0 2 2 1 3 2 4 0 1 0 4 3 2 0 2 3 1 4 4 0 1 2 1 2 1 3 0 4 1 4 1 4 1 4 3 2 2 0 3 0 3 4 3 1 1 3 1 2 3 0 1 0 4 1 4 1 0 1 0 3 3 2 3 4 3 0 2 4 0 2 1 2 4 2 1 4 3 0 4 1 3 2 4 2 4 2 3 0 3 4 0 0 3 4 0 1 0 3 1 4 4 1 3 2 3 4 1 3 2 4 0 2 0 2 4 0 1 4 1 0 1 4 3 1 4 0 4 3 2 0 4 4 3 1 4 2 1 2 3 0 3 4 0 1 2 2 4