377 875
1 0
23 1
2 1
24 2
3 2
4 3
5 4
7 5
6 5
7 6
8 7
25 8
9 8
8 9
10 9
8 10
11 10
12 11
26 12
13 12
27 13
14 13
15 14
28 15
16 15
17 16
29 17
18 17
30 18
19 18
20 19
19 20
21 20
31 21
32 21
22 21
33 22
34 0
23 0
35 23
24 23
36 24
3 24
37 4
7 4
38 7
39 7
25 7
8 25
40 8
41 8
42 8
11 8
26 11
43 26
27 26
14 27
44 14
28 14
45 28
16 28
45 16
29 16
45 29
30 29
45 30
19 30
46 19
47 19
31 19
48 31
32 31
49 32
33 32
50 33
51 34
35 34
52 35
36 35
53 36
3 36
37 3
54 37
38 37
55 38
39 38
56 39
25 39
57 25
40 25
41 40
40 41
42 41
58 42
11 42
43 11
59 43
27 43
59 27
44 27
45 44
60 45
61 45
46 45
62 46
47 46
48 47
63 48
49 48
64 49
50 49
65 50
66 51
52 51
66 52
53 52
66 53
3 53
54 3
67 54
55 54
67 55
56 55
67 56
57 56
68 57
25 57
69 40
70 40
58 40
70 58
11 58
71 11
59 11
72 59
45 59
73 45
74 60
45 60
62 61
47 62
75 47
63 47
64 63
76 64
65 64
77 65
78 66
3 66
79 3
67 3
80 67
68 67
81 68
25 68
82 25
69 25
82 69
70 69
83 70
71 70
84 71
72 71
85 72
59 72
86 59
86 45
87 73
74 73
87 74
45 74
62 45
88 62
89 62
75 62
63 75
90 63
76 63
77 76
91 77
92 78
93 78
94 78
79 78
95 79
80 79
96 80
67 80
97 67
81 67
98 81
82 81
99 82
100 82
83 82
101 83
102 83
84 83
103 84
85 84
104 85
86 85
105 86
106 86
87 86
107 87
108 87
45 87
109 45
88 45
109 88
89 88
75 89
110 75
90 75
111 90
76 90
112 76
91 76
113 91
114 92
93 92
115 93
94 93
116 94
95 94
96 95
95 96
97 96
117 97
98 97
99 98
100 99
118 100
101 100
118 101
102 101
118 102
103 102
104 103
105 104
104 105
106 105
119 106
107 106
120 107
108 107
121 108
109 108
122 109
123 109
89 109
124 89
110 89
125 110
111 110
126 111
112 111
127 112
113 112
128 114
115 114
116 115
95 116
116 95
129 95
97 95
99 117
130 99
131 99
118 99
131 118
132 118
104 118
133 104
119 104
134 119
120 119
135 120
121 120
136 121
122 121
137 122
123 122
137 123
124 123
137 124
125 124
138 125
126 125
139 126
127 126
140 127
113 127
141 128
115 128
142 115
142 116
129 116
143 129
97 129
144 97
145 117
130 117
146 130
131 130
147 131
148 131
118 131
148 118
149 132
133 132
150 133
151 133
104 133
152 104
134 104
153 134
135 134
154 135
136 135
155 136
137 136
156 137
157 137
158 137
138 137
139 138
138 139
140 139
159 140
113 140
159 113
160 141
142 141
161 142
116 142
162 116
143 116
163 143
144 143
164 144
145 144
146 145
145 146
147 146
165 147
148 147
166 148
167 148
149 148
168 149
150 149
151 150
169 151
152 151
153 152
154 153
153 154
155 154
153 155
156 155
170 156
157 156
171 157
158 157
172 158
138 158
172 138
159 138
173 159
161 160
142 161
162 142
174 162
163 162
164 163
175 164
145 164
176 145
165 145
176 165
166 165
177 166
167 166
177 167
168 167
178 168
150 168
169 150
150 169
153 169
179 153
180 153
181 153
170 153
181 170
171 170
182 171
172 171
183 172
184 172
173 172
185 173
159 173
186 159
187 161
188 161
174 161
189 174
163 174
190 163
175 163
176 175
191 176
192 176
177 176
193 177
178 177
194 178
150 178
195 150
179 150
196 179
180 179
181 180
197 180
198 181
182 181
183 182
182 183
184 183
182 184
185 184
199 185
186 185
200 186
201 187
161 187
202 161
203 188
189 188
204 189
190 189
205 190
175 190
206 175
207 176
192 191
191 192
193 192
208 193
194 193
209 194
195 194
210 195
196 195
210 196
181 196
197 181
181 197
182 198
211 182
212 182
199 182
213 199
200 199
214 200
202 201
201 202
203 202
215 203
204 203
215 204
205 204
216 205
206 205
217 206
207 206
218 207
191 207
218 191
208 191
219 208
220 208
209 208
221 209
195 209
222 195
223 210
224 210
181 210
225 181
226 181
211 198
198 211
182 211
227 182
228 212
229 212
213 212
229 213
214 213
230 201
231 201
215 201
216 215
232 216
217 216
218 217
233 218
234 218
191 218
235 191
219 191
220 219
236 220
221 220
236 221
222 221
237 222
223 222
237 223
224 223
238 224
225 224
238 225
226 225
239 226
198 226
240 198
227 198
228 227
227 228
229 228
241 229
214 229
242 214
243 230
231 230
244 231
215 231
245 215
232 215
246 232
217 232
246 217
233 217
247 233
234 233
248 234
235 234
249 235
219 235
250 219
236 219
237 236
251 237
238 237
252 238
239 238
253 239
240 239
254 240
255 240
198 240
256 198
257 227
229 227
258 229
258 241
242 241
258 242
259 243
244 243
259 244
245 244
260 245
246 245
261 246
247 246
262 247
248 247
249 248
263 249
250 249
264 250
236 250
265 236
237 251
252 251
266 252
238 252
267 238
253 238
268 253
254 253
269 254
255 254
270 255
256 255
270 256
257 256
271 257
258 257
272 258
273 259
274 259
260 259
275 260
245 260
276 245
261 245
277 261
246 261
277 246
262 246
248 262
263 248
265 263
264 263
265 264
237 265
278 237
279 237
266 237
280 266
267 266
268 267
267 268
269 268
281 269
270 269
282 270
283 270
257 270
284 257
272 271
285 272
286 272
287 273
274 273
288 274
275 274
276 275
277 276
289 277
248 277
290 248
265 248
291 265
292 265
293 265
278 265
294 278
279 278
295 279
280 279
296 280
267 280
297 267
298 267
281 267
299 281
282 281
283 282
284 283
300 284
271 284
301 271
301 272
302 285
286 285
303 287
288 287
304 288
276 288
289 276
277 289
305 277
306 248
307 290
291 290
308 291
292 291
308 292
293 292
309 293
265 293
310 265
294 265
295 294
294 295
296 295
311 296
297 296
311 297
298 297
312 298
299 298
312 299
282 299
313 282
314 283
300 283
315 300
301 300
316 301
302 301
286 302
317 286
318 303
304 303
276 304
319 276
320 289
321 289
305 289
322 305
306 305
323 306
307 306
324 307
308 307
325 308
326 308
309 308
326 309
310 309
327 310
294 310
328 294
329 294
311 294
330 311
312 311
311 312
331 312
313 312
332 313
314 313
333 314
315 314
301 315
334 301
335 316
302 316
335 302
317 302
336 317
337 318
304 318
319 304
304 319
320 319
338 320
321 320
338 321
322 321
339 322
323 322
340 323
324 323
325 324
341 325
326 325
342 326
343 326
327 326
343 327
328 327
344 328
329 328
330 329
311 330
345 311
346 311
331 311
347 331
332 331
333 332
348 333
315 333
348 315
334 315
335 334
334 335
336 335
349 336
350 337
304 337
351 304
352 304
338 304
352 338
339 338
338 339
340 339
338 340
324 340
341 324
342 341
343 342
353 343
344 343
343 344
329 344
354 330
345 330
354 345
346 345
354 346
347 346
355 347
332 347
356 332
348 332
357 348
358 348
334 348
359 334
360 334
349 334
360 349
361 350
351 350
361 351
352 351
362 352
338 352
363 338
364 338
324 338
365 324
342 324
366 342
367 342
353 342
368 353
343 353
368 343
329 343
369 329
354 329
370 354
371 354
355 354
371 355
356 355
372 356
357 356
372 357
358 357
373 358
359 358
360 359
374 360
375 360
376 360
352 361
363 362
364 363
365 364
366 365
367 366
368 367
369 368
370 369
371 370
372 371
373 372
359 373
374 359
375 374
376 375
4 1 0 4 3 4 3 0 4 2 3 1 3 0 1 0 3 2 0 4 1 3 4 2 3 3 0 2 2 1 2 2 4 0 3 4 1 1 2 1 0 1 2 4 4 0 1 2 4 0 3 1 3 0 3 1 4 2 4 3 4 1 4 1 4 1 2 2 0 1 2 4 0 4 3 3 2 3 1 2 3 4 2 1 3 2 4 1 3 2 0 4 3 0 4 1 4 0 3 4 1 2 4 1 4 3 1 0 2 1 4 1 3 2 0 4 0 3 3 2 1 3 2 0 4 0 2 0 3 3 2 0 0 1 0 4 0 1 4 0 3 0 3 2 1 2 4 1 2 1 0 2 1 4 1 2 3 0 2 1 4 1 4 3 0 4 1 3 4 1 1 2 0 2 0 2 1 0 2 2 1 3 4 1 2 0 2 3 3 1 4 3 4 1 3 4 0 2 1 2 0 1 3 1 2 1 3 4 0 1 1 3 3 1 3 0 3 0 1 4 3 4 2 3 4 1 2 3 1 2 3 4 2 4 0 1 2 4 3 0 4 4 0 0 2 3 1 2 4 3 0 2 0 4 1 3 4 2 3 4 0 0 0 0 4 1 3 2 3 2 0 1 4 0 1 4 1 3 2 0 4 0 3 4 3 0 3 3 4 2 1 3 0 2 3 1 3 0 4 1 0 3 4 1 3 4 3 2 4 1 0 1 3 0 1 4 1 2 2 0 4 3 0 2 3 1 2 3 1 2 3 0 3 0 2 3 0 1 1 3 4 2 0 1 3 0 3 1 1 4 0 1 2 2 1 2 4 0 3 4 1 4 1 4 3 0 2 1 4 0 4 0 1 2 0 4 0