389 890
20 0
1 0
20 1
2 1
20 2
3 2
21 3
4 3
21 4
5 4
22 5
6 5
23 6
7 6
23 7
8 7
24 8
25 8
26 8
9 8
10 9
27 10
28 10
11 10
29 11
12 11
13 12
12 13
14 13
12 14
15 14
30 15
16 15
17 16
31 17
18 17
32 18
19 18
32 19
33 20
34 20
21 20
35 21
22 21
36 22
23 22
37 23
38 23
24 23
39 24
25 24
40 25
26 25
25 26
9 26
41 9
27 9
42 27
28 27
42 28
29 28
43 29
12 29
44 12
45 12
30 12
16 30
16 17
16 31
32 31
46 32
47 32
48 33
34 33
49 34
20 34
50 20
51 21
52 35
36 35
53 36
37 36
54 37
38 37
55 38
39 38
55 39
40 39
56 40
25 40
57 25
58 25
41 25
59 41
42 41
60 42
61 42
43 42
62 43
12 43
63 12
63 44
45 44
64 45
16 45
65 16
66 16
67 16
46 16
47 46
49 48
68 49
50 49
68 50
51 50
68 51
52 51
69 52
53 52
54 53
55 54
54 55
70 55
56 55
57 56
58 57
71 58
59 58
72 59
60 59
73 60
61 60
73 61
62 61
73 62
63 62
74 63
64 63
65 64
75 65
16 65
76 16
77 66
67 66
78 67
46 67
79 46
80 47
81 48
68 48
81 68
82 68
69 68
83 69
54 69
84 54
85 54
70 54
86 70
57 70
86 57
71 57
57 71
72 71
87 72
73 72
88 73
74 73
89 74
63 74
90 63
91 64
75 64
92 75
76 75
93 76
77 76
78 77
79 78
80 79
94 80
95 81
68 81
96 68
96 82
83 82
97 83
54 83
98 84
85 84
99 85
86 85
99 86
57 86
100 57
88 57
87 57
88 87
101 88
73 88
102 73
89 73
90 89
91 90
103 91
92 91
93 92
104 93
78 93
105 78
106 78
107 79
94 79
108 94
109 81
109 95
96 95
110 96
97 96
54 97
98 54
111 98
99 98
112 99
86 99
113 86
100 86
113 100
88 100
114 88
115 88
102 101
101 102
90 102
116 90
117 90
103 90
118 103
92 103
119 92
104 92
120 104
105 104
121 105
106 105
122 106
107 106
122 107
108 107
123 108
124 109
125 109
110 109
97 110
126 97
111 54
127 111
112 111
113 112
128 113
129 113
88 113
130 88
131 114
115 114
132 115
101 115
132 101
116 101
117 116
133 117
118 117
134 118
119 118
135 119
120 119
136 120
121 120
137 121
122 121
138 122
139 122
123 122
140 124
125 124
141 125
110 125
142 110
126 110
143 126
97 126
127 54
54 127
112 127
144 112
145 112
128 112
146 128
129 128
147 129
130 129
148 130
131 130
149 131
132 131
149 132
116 132
150 116
151 116
133 116
152 133
134 133
152 134
135 134
136 135
135 136
137 136
135 137
138 137
153 138
139 138
154 139
123 139
155 123
141 140
156 141
142 141
156 142
143 142
157 143
97 143
158 97
159 54
144 54
160 144
145 144
161 145
146 145
147 146
162 147
148 147
163 148
149 148
164 149
165 149
132 149
166 132
150 132
151 150
152 151
135 152
167 135
168 135
153 135
169 153
154 153
170 154
155 154
171 155
172 140
156 140
173 156
157 156
174 157
158 157
175 158
159 158
176 159
160 159
177 160
161 160
178 161
146 161
179 146
162 146
179 162
163 162
180 163
164 163
181 164
165 164
182 165
166 165
182 166
150 166
183 150
152 150
184 152
185 152
167 152
185 167
168 167
186 168
135 168
169 135
170 169
187 170
171 170
188 171
173 172
189 173
156 173
190 156
174 156
190 174
175 174
190 175
176 175
191 176
177 176
192 177
178 177
193 178
179 178
194 179
180 179
195 180
181 180
196 181
182 181
197 182
198 182
183 182
199 183
184 183
200 184
152 184
201 185
186 185
202 186
169 186
203 169
187 169
203 187
188 187
204 188
189 172
205 189
190 189
206 190
207 190
191 190
208 191
209 191
192 191
210 192
193 192
211 193
194 193
212 194
213 194
195 194
213 195
196 195
197 196
196 197
198 197
214 198
199 198
200 199
152 200
200 152
201 152
215 201
202 201
216 202
203 202
217 203
204 203
218 204
219 172
205 172
219 205
206 205
219 206
220 206
207 206
208 207
221 208
209 208
222 209
210 209
223 210
211 210
224 211
212 211
225 212
213 212
226 213
227 213
196 213
228 196
214 196
199 214
214 199
229 200
230 200
201 200
231 201
232 215
216 215
233 216
217 216
233 217
203 217
218 203
234 218
235 219
236 219
220 219
237 220
207 220
238 207
221 207
238 221
222 221
239 222
223 222
240 223
224 223
225 224
226 225
241 226
227 226
228 227
196 228
242 196
229 214
214 229
230 229
243 230
231 230
244 231
232 231
245 232
233 232
246 233
247 233
203 233
248 203
234 203
249 234
236 235
250 236
251 236
237 236
252 237
238 237
253 238
239 238
254 239
240 239
255 240
224 240
256 224
257 225
241 225
257 241
228 241
258 228
242 228
214 242
259 214
260 214
243 214
244 243
245 244
244 245
246 245
261 246
247 246
203 247
262 203
249 248
263 235
250 235
264 250
251 250
265 251
252 251
266 252
253 252
267 253
238 253
268 238
254 238
269 254
255 254
256 255
257 256
256 257
258 257
257 258
242 258
270 242
271 242
259 242
272 259
260 259
273 260
244 260
274 244
275 244
276 244
261 244
276 261
247 261
277 247
262 247
249 262
278 249
264 263
265 264
264 265
266 265
279 266
267 266
268 267
267 268
269 268
280 269
255 269
281 255
282 256
283 256
284 257
285 257
270 257
286 270
271 270
287 271
272 271
288 272
260 272
288 260
289 273
274 273
289 274
275 274
289 275
276 275
290 276
291 276
277 276
292 277
262 277
293 262
278 262
294 278
249 278
295 249
296 264
279 264
267 279
297 267
280 267
298 280
281 280
282 281
299 282
283 282
284 283
283 284
285 284
283 285
286 285
287 286
300 287
288 287
301 288
302 288
289 288
302 289
303 289
304 289
290 289
304 290
291 290
292 291
291 292
293 292
305 293
294 293
295 294
306 296
264 296
307 279
297 279
308 297
298 297
309 298
281 298
310 281
299 281
311 299
283 299
311 283
312 283
313 283
286 283
300 286
314 300
301 300
314 301
302 301
315 302
316 302
303 302
317 303
304 303
318 304
319 304
291 304
319 291
305 291
320 305
295 305
321 295
322 295
323 306
264 306
324 264
325 279
326 307
308 307
327 308
297 308
327 297
309 297
327 309
310 309
327 310
311 310
328 311
312 311
311 312
313 312
329 313
286 313
314 286
286 314
330 314
315 314
331 315
316 315
332 316
317 316
318 317
317 318
319 318
333 319
334 319
335 319
320 319
335 320
321 320
336 321
322 321
337 322
338 323
324 323
325 324
326 325
327 326
339 327
340 327
328 327
341 328
311 328
342 311
343 311
329 311
343 329
286 329
344 286
345 286
330 286
346 330
331 330
347 331
332 331
317 332
348 317
333 317
349 333
334 333
350 334
335 334
351 335
352 335
336 335
353 336
337 336
354 337
355 338
324 338
356 324
357 325
358 326
339 326
327 339
359 340
327 340
360 327
341 327
361 341
342 341
362 342
343 342
363 343
364 343
344 343
365 344
345 344
366 345
346 345
367 346
347 346
368 347
317 347
369 317
370 317
371 348
349 348
372 349
350 349
372 350
351 350
352 351
353 352
352 353
354 353
373 355
356 355
373 356
357 356
358 357
339 358
358 339
374 327
359 327
375 359
360 359
376 360
361 360
377 361
362 361
378 362
363 362
364 363
379 364
365 364
380 365
366 365
381 366
367 366
382 367
368 367
383 368
369 368
384 369
370 369
371 370
385 371
372 371
385 372
386 372
352 372
387 352
388 352
354 352
357 373
374 358
375 374
376 375
377 376
378 377
363 378
379 363
380 379
381 380
382 381
383 382
384 383
370 384
385 370
386 385
387 386
388 387
354 388
0 1 0 1 4 3 4 2 3 0 3 1 4 3 2 1 2 1 2 1 3 2 1 3 1 2 1 4 1 3 0 0 4 4 0 3 0 2 0 3 0 1 3 2 1 3 1 3 1 4 0 4 0 4 3 1 2 1 4 2 1 4 1 2 4 1 3 0 3 1 4 2 3 0 4 3 1 0 1 0 1 0 1 4 4 1 3 2 3 3 4 2 1 3 4 2 4 1 1 2 2 0 2 0 4 2 0 4 3 1 3 4 0 4 0 4 1 3 2 3 1 0 3 2 4 2 0 1 2 3 2 4 2 4 1 4 2 3 4 1 0 4 0 3 4 2 3 2 4 3 0 4 3 0 3 1 3 1 0 4 3 1 0 1 4 1 3 1 3 3 0 4 1 4 0 4 2 0 3 2 0 3 2 1 4 0 1 4 2 3 2 0 2 0 4 3 4 0 3 4 0 1 4 1 3 0 1 0 3 2 0 2 0 1 0 4 1 4 2 4 2 1 3 4 1 3 0 4 3 3 4 0 1 2 3 3 2 1 3 0 2 4 2 1 2 4 1 4 2 4 4 0 2 0 4 1 3 0 1 4 1 0 0 0 2 1 0 2 1 2 1 4 3 2 4 3 4 1 2 3 4 2 4 1 4 3 0 2 4 1 0 3 4 2 1 3 3 0 3 0 1 0 2 3 2 4 0 0 1 2 1 2 0 3 2 4 0 4 0 4 3 0 4 4 1 4 2 3 4 1 4 1 2 2 3 1 2 0 0 4 2 1 4 3 1 4 2 3 2 1 2 4 2 0 1 2 3 1 0 1 2 3 1 2 4 0 2 4 1 2 3 1 3 0 2 0 4 2 3 1 2 4 0 4 0 2 1 4 0