381 861
20 0
21 0
22 0
1 0
23 1
24 1
2 1
25 2
3 2
26 3
4 3
5 4
27 5
6 5
28 6
7 6
29 7
8 7
30 8
9 8
31 9
10 9
32 10
33 10
11 10
34 11
12 11
35 12
13 12
14 13
36 14
15 14
37 15
16 15
38 16
17 16
18 17
39 18
19 18
40 19
41 20
21 20
41 21
22 21
42 22
23 22
43 23
24 23
44 24
25 24
45 25
26 25
4 26
26 4
46 4
27 4
47 27
28 27
29 28
30 29
48 30
31 30
32 31
49 32
33 32
50 33
34 33
51 34
35 34
52 35
13 35
36 13
37 36
53 37
38 37
53 38
17 38
39 17
40 39
54 41
55 41
42 41
56 42
43 42
57 43
44 43
58 44
45 44
59 45
26 45
60 26
61 26
46 26
62 46
47 46
63 47
28 47
64 28
65 29
48 29
66 48
31 48
66 31
49 31
66 49
50 49
67 50
51 50
68 51
52 51
69 52
36 52
70 36
71 36
53 36
17 53
72 39
73 40
74 54
55 54
56 55
75 56
57 56
58 57
59 58
76 59
60 59
76 60
61 60
77 61
62 61
63 62
62 63
64 63
62 64
65 64
78 65
66 65
79 66
80 66
67 66
80 67
68 67
81 68
69 68
81 69
70 69
82 70
71 70
82 71
17 71
83 17
84 17
72 17
73 72
85 73
86 74
55 74
87 55
75 55
88 75
58 75
89 58
76 58
90 76
77 76
91 77
62 77
92 62
93 62
94 62
78 62
95 78
79 78
96 79
80 79
97 80
98 80
81 80
82 81
99 82
83 82
84 83
83 84
72 84
100 72
85 72
72 85
101 86
87 86
102 87
88 87
103 88
89 88
104 89
76 89
105 76
105 90
91 90
106 91
92 91
107 92
93 92
108 93
94 93
109 94
95 94
110 95
96 95
97 96
111 97
80 97
112 80
113 98
81 98
114 81
99 81
115 99
83 99
116 83
117 83
118 83
100 83
119 100
72 100
120 72
121 72
122 101
102 101
123 102
103 102
123 103
104 103
124 104
125 104
105 104
126 105
106 105
127 106
107 106
128 107
108 107
129 108
109 108
130 109
110 109
130 110
96 110
111 96
112 111
111 112
113 112
131 113
114 113
81 114
115 81
132 115
116 115
132 116
117 116
133 117
118 117
134 118
119 118
134 119
120 119
135 120
121 120
136 121
137 122
123 122
138 123
124 123
139 124
125 124
140 125
126 125
141 126
127 126
142 127
128 127
143 128
129 128
144 129
130 129
145 130
146 130
96 130
147 96
147 111
148 111
131 111
114 131
149 81
132 81
150 132
151 132
133 132
151 133
134 133
152 134
153 134
135 134
154 135
136 135
155 136
138 137
123 138
156 123
139 123
157 139
140 139
158 140
141 140
158 141
126 141
159 126
142 126
160 142
143 142
161 143
144 143
162 144
145 144
146 145
145 146
147 146
163 147
148 147
164 148
114 148
164 114
149 114
150 149
149 150
151 150
165 151
152 151
166 152
153 152
154 153
167 154
155 154
168 155
169 138
170 138
156 138
171 156
157 156
172 157
158 157
173 158
159 158
174 159
160 159
175 160
161 160
162 161
145 162
176 145
163 145
176 163
164 163
177 164
149 164
178 149
179 149
165 149
180 165
151 165
181 151
166 151
153 166
166 153
167 153
168 167
167 168
182 169
170 169
183 170
171 170
184 171
172 171
185 172
158 172
186 158
174 173
175 174
187 175
161 175
188 161
189 162
190 176
164 176
191 164
178 177
192 178
179 178
180 179
181 180
193 181
166 181
194 166
195 166
167 166
196 167
197 182
183 182
198 183
184 183
198 184
185 184
199 185
186 185
200 186
174 186
201 174
187 174
188 187
189 188
202 189
176 189
202 176
203 190
191 190
204 191
205 191
206 191
177 191
207 177
192 177
207 192
180 192
207 180
208 180
193 180
209 193
194 193
210 194
195 194
211 195
196 195
212 196
213 197
198 197
214 198
199 198
215 199
200 199
216 200
201 200
217 201
174 201
218 174
188 174
218 188
219 188
202 188
220 202
221 202
176 202
222 176
203 176
223 203
204 203
224 204
205 204
225 205
206 205
207 206
206 207
226 207
208 207
226 208
209 208
227 209
210 209
211 210
228 211
196 211
229 196
230 212
198 213
215 214
231 215
216 215
232 216
217 216
233 217
218 217
234 218
219 218
235 219
220 219
235 220
221 220
222 221
236 222
223 222
224 223
237 224
225 224
238 225
206 225
238 206
239 206
226 206
240 226
227 226
241 227
210 227
242 210
228 210
243 228
229 228
244 229
230 229
245 230
246 198
231 214
214 231
232 231
247 232
233 232
248 233
234 233
248 234
235 234
249 235
221 235
250 221
236 221
251 236
223 236
251 223
237 223
252 237
238 237
252 238
253 238
206 238
253 206
254 239
226 239
254 226
255 240
241 240
242 241
256 242
243 242
244 243
257 244
245 244
258 245
259 246
214 246
259 214
247 214
248 247
260 248
234 248
261 234
249 234
262 249
250 249
251 250
263 251
252 251
264 252
265 252
253 252
266 253
254 253
267 254
268 254
255 254
269 255
241 255
270 241
256 241
271 256
243 256
272 243
257 243
272 257
258 257
273 258
274 259
247 259
275 247
260 247
276 260
248 260
276 248
261 248
277 261
262 261
249 262
278 250
279 251
264 263
280 264
265 264
281 265
266 265
281 266
282 266
267 266
283 267
268 267
283 268
269 268
284 269
270 269
285 270
271 270
286 271
272 271
287 272
273 272
288 273
289 259
290 274
275 274
291 275
276 275
277 276
249 277
292 249
278 249
279 278
278 279
263 279
293 263
280 263
294 280
281 280
295 281
296 281
282 281
283 282
282 283
284 283
297 284
285 284
298 285
286 285
299 286
272 286
300 272
288 287
301 289
290 289
302 290
291 290
290 291
276 291
291 276
291 277
303 277
292 277
304 292
278 292
305 278
306 278
293 278
294 293
295 294
296 295
295 296
282 296
307 282
308 282
309 283
297 283
298 297
310 298
299 298
310 299
300 299
288 300
300 288
311 288
312 301
302 301
313 302
290 302
314 291
315 291
303 291
315 303
304 303
315 304
305 304
315 305
306 305
316 306
317 306
293 306
318 293
295 293
319 295
320 295
321 295
307 295
322 307
308 307
323 308
309 308
324 309
297 309
310 297
325 310
300 310
326 300
311 300
327 311
328 312
313 312
329 313
290 313
330 290
314 290
331 314
315 314
332 315
333 315
316 315
334 316
317 316
335 317
318 317
319 318
336 319
320 319
337 320
321 320
322 321
323 322
338 323
324 323
339 324
310 324
300 325
340 326
327 326
340 327
341 328
329 328
342 329
330 329
343 330
331 330
332 331
315 332
344 315
345 333
315 333
346 315
334 315
347 334
335 334
348 335
318 335
336 318
349 336
337 336
321 337
338 322
350 338
339 338
351 339
310 339
352 310
353 300
354 300
355 300
340 300
355 340
342 341
356 342
343 342
330 343
357 332
344 332
358 344
333 344
346 345
359 346
347 346
348 347
347 348
318 348
349 318
318 349
321 349
360 321
321 322
350 322
361 350
351 350
362 351
352 351
363 352
353 352
364 353
354 353
364 354
355 354
364 355
365 355
366 355
356 341
367 356
330 356
368 331
357 331
369 357
358 357
369 358
345 358
370 345
359 345
371 359
347 359
372 347
373 347
318 347
374 318
360 318
321 360
375 321
361 321
376 361
362 361
377 362
363 362
377 363
364 363
378 364
379 364
365 364
379 365
366 365
380 366
367 341
330 367
368 330
369 368
370 369
371 370
372 371
373 372
374 373
318 374
321 318
376 375
377 376
378 377
364 378
380 379
3 2 4 0 4 2 4 0 2 4 1 4 2 3 1 2 4 3 4 1 4 1 4 3 0 2 3 3 0 3 4 3 0 4 3 4 2 1 2 0 4 3 1 4 2 0 0 4 0 1 3 2 1 0 0 1 0 3 1 4 2 0 4 3 1 4 2 4 0 3 4 0 1 2 2 3 0 2 3 1 3 4 3 4 2 4 0 2 0 4 4 3 0 1 0 2 3 4 2 1 3 3 4 3 1 2 0 2 4 3 1 1 2 4 3 3 2 3 0 4 2 4 2 0 2 0 3 1 0 1 0 0 0 4 1 3 2 0 1 4 2 4 4 3 2 1 2 4 0 1 4 3 4 0 2 4 3 2 3 1 2 4 3 0 2 2 1 3 0 0 2 1 4 1 0 3 4 0 4 3 0 2 2 0 4 3 4 1 3 2 1 3 2 3 0 2 4 3 2 0 2 1 1 0 1 4 0 4 3 2 1 0 2 0 0 1 3 0 1 0 4 2 3 1 0 3 2 3 2 1 4 3 4 2 0 1 0 4 1 4 4 0 2 1 0 1 1 1 4 4 0 4 3 2 1 2 4 4 0 3 0 2 1 0 1 4 3 0 3 4 1 3 0 1 1 4 2 0 3 2 4 1 0 2 1 0 1 1 3 1 4 3 2 1 3 0 3 3 2 3 4 0 3 4 0 4 2 3 2 0 0 0 1 2 1 2 0 4 3 2 3 2 0 1 4 2 0 1 3 4 1 2 3 4 4 0 1 4 4 2 3 2 0 4 1 1 3 1 4 4 3 1 4 3 1 2 4 1 2 2 0 4 3 2 4 1 0 0 0 3 4 3 4 0 2 4 3 0 2 3 1