366 853
1 0
19 1
2 1
20 2
3 2
21 3
4 3
22 4
5 4
23 5
24 5
6 5
25 6
7 6
26 7
8 7
27 8
9 8
27 9
10 9
28 10
11 10
29 11
12 11
30 12
13 12
30 13
31 13
14 13
32 14
15 14
33 15
16 15
34 16
17 16
35 17
36 17
18 17
37 1
38 1
20 19
21 20
22 21
39 22
23 22
40 23
24 23
25 24
26 25
27 26
41 27
42 27
10 27
43 10
29 28
44 29
30 29
45 30
46 30
31 30
47 31
32 31
47 32
33 32
48 33
15 33
48 15
34 15
35 34
49 35
36 35
49 36
18 36
49 18
38 37
19 38
50 19
21 19
51 21
52 21
39 21
40 39
25 40
53 25
54 25
41 26
26 41
42 41
55 42
43 42
55 43
28 43
44 28
56 44
45 44
56 45
46 45
57 46
47 46
58 47
48 47
34 48
49 34
34 49
59 49
37 38
50 38
37 50
51 50
60 51
52 51
39 52
61 39
62 40
53 40
62 53
54 53
26 54
63 26
64 26
55 26
65 55
66 55
28 55
67 28
56 28
68 56
57 56
47 57
69 47
70 58
48 58
71 48
72 34
73 34
74 34
59 34
75 59
49 59
76 49
77 37
52 37
60 37
52 60
61 52
78 61
62 61
79 62
80 62
54 62
81 54
63 54
82 63
64 63
65 64
66 65
67 66
83 67
56 67
83 56
84 68
57 68
85 57
69 57
86 69
70 69
86 70
71 70
72 71
87 72
73 72
74 73
75 74
74 75
76 75
88 76
37 77
89 52
90 52
78 52
91 78
79 78
80 79
81 80
92 81
82 81
64 82
82 64
66 64
93 66
94 66
83 66
95 83
84 83
96 84
85 84
86 85
97 86
98 86
71 86
99 71
87 71
74 87
100 74
101 74
88 74
102 88
103 37
89 37
52 89
104 52
105 90
91 90
105 91
79 91
106 79
106 80
92 80
107 92
82 92
107 82
108 82
93 82
94 93
109 94
95 94
110 95
111 95
96 95
112 96
85 96
113 85
97 85
114 97
98 97
115 98
99 98
116 99
74 99
116 74
117 74
118 100
101 100
119 101
102 101
119 102
120 103
37 103
121 37
104 89
122 104
105 104
123 105
106 105
124 106
107 106
106 107
108 107
93 108
125 93
109 93
125 109
110 109
111 110
126 111
112 111
126 112
113 112
127 113
114 113
128 114
115 114
116 115
115 116
129 116
117 116
118 117
130 118
119 118
131 119
132 119
133 120
121 120
134 121
89 121
135 89
122 89
105 122
136 105
137 123
124 123
138 124
106 124
139 106
140 107
141 108
125 108
142 125
143 125
110 125
144 110
126 110
145 126
127 126
146 127
128 127
146 128
115 128
147 115
129 115
117 129
130 117
148 130
131 130
148 131
132 131
149 132
150 133
134 133
151 134
135 134
152 135
122 135
153 122
136 122
153 136
137 136
138 137
139 138
138 139
140 139
154 140
141 140
154 141
142 141
155 142
143 142
144 143
156 144
145 144
157 145
126 145
158 126
146 126
159 146
115 146
147 146
115 147
160 129
160 117
148 117
161 148
149 148
161 149
162 150
151 150
163 151
152 151
164 152
153 152
165 153
166 153
137 153
166 137
154 138
155 154
143 155
157 143
156 143
157 156
158 157
167 158
159 158
115 159
159 115
168 115
160 115
169 160
161 160
170 161
171 161
163 162
172 163
164 163
173 164
165 164
174 165
166 165
175 166
138 166
166 138
176 138
177 154
178 155
157 155
167 157
179 167
159 167
180 159
168 159
181 168
182 168
169 168
183 169
170 169
184 170
171 170
185 171
161 171
186 161
187 162
172 162
188 172
173 172
189 173
174 173
189 174
175 174
190 175
166 175
191 166
192 166
193 138
194 176
177 176
195 177
178 177
196 178
155 178
197 157
179 157
198 179
180 179
199 180
159 180
181 159
182 181
200 182
169 182
201 169
202 183
184 183
201 184
185 184
203 185
186 185
203 186
204 187
188 187
189 188
205 189
206 189
190 189
207 190
191 190
208 191
192 191
208 192
193 192
208 193
194 193
209 194
195 194
196 195
210 196
155 196
211 155
197 155
212 197
198 197
199 198
198 199
159 199
213 159
214 181
200 181
215 200
201 200
202 201
201 202
203 201
201 203
216 203
217 204
188 204
218 188
205 188
206 205
207 206
219 207
208 207
220 208
221 208
222 208
209 208
223 209
195 209
223 195
210 195
224 210
211 210
225 211
197 211
225 197
225 212
197 212
226 198
213 198
226 213
214 213
215 214
214 215
201 215
227 201
228 201
216 201
218 217
217 218
206 218
217 206
219 206
229 219
220 219
230 220
221 220
222 221
231 222
223 222
232 223
224 223
233 224
225 224
234 225
235 225
198 225
225 198
236 226
237 226
214 226
238 214
239 214
227 214
240 227
201 227
241 201
216 228
242 216
243 217
244 217
206 217
229 206
230 229
245 230
221 230
246 221
231 221
247 231
223 231
248 223
249 232
233 232
250 233
234 233
250 234
235 234
250 235
251 235
225 235
252 225
253 225
236 225
237 236
254 237
238 237
254 238
239 238
255 239
240 239
241 240
256 241
228 241
257 228
242 228
258 242
217 243
259 244
229 244
260 229
245 229
260 245
246 245
261 246
247 246
262 247
248 247
263 248
249 248
264 249
250 249
265 250
251 250
250 251
252 251
266 252
253 252
267 253
236 253
268 236
254 236
255 254
269 255
240 255
270 240
256 240
271 256
257 256
272 257
258 257
273 258
274 243
275 243
259 243
276 259
260 259
277 260
278 260
279 260
261 260
262 261
263 262
264 263
280 264
250 264
281 250
250 265
282 250
283 250
266 250
284 266
267 266
268 267
267 268
254 268
285 254
269 254
286 269
270 269
273 270
271 270
273 271
272 271
273 272
258 272
287 274
275 274
288 275
276 275
288 276
277 276
288 277
278 277
289 278
279 278
290 279
261 279
291 261
280 263
281 280
280 281
265 281
280 265
282 265
292 282
283 282
284 283
283 284
267 284
293 267
285 267
294 285
286 285
295 286
273 286
296 273
297 273
298 273
299 287
288 287
299 288
300 288
289 288
290 289
291 290
301 291
263 291
302 263
263 280
303 280
304 280
292 280
305 292
283 292
306 283
307 283
293 283
307 293
308 293
285 293
309 285
310 294
295 294
311 295
296 295
312 296
297 296
313 297
273 297
314 299
315 299
300 299
289 300
316 289
317 289
318 290
301 290
319 301
302 301
320 302
263 302
321 263
303 263
304 303
303 304
305 304
322 305
306 305
322 306
307 306
323 307
324 307
308 307
325 308
309 308
326 309
310 309
327 310
311 310
328 311
312 311
329 312
313 312
330 313
273 313
331 273
332 273
332 298
333 314
315 314
300 315
334 300
316 300
335 316
317 316
318 317
336 318
319 318
337 319
320 319
338 320
321 320
339 321
303 321
340 303
341 303
342 303
322 303
343 322
344 322
323 322
324 323
326 324
325 324
326 325
327 326
345 327
328 327
346 328
329 328
346 329
330 329
347 330
331 330
348 331
332 331
349 332
350 332
315 333
334 315
315 334
335 334
351 335
317 335
336 317
317 336
337 336
352 337
338 337
353 338
339 338
353 339
340 339
354 340
341 340
355 341
342 341
356 342
343 342
357 343
344 343
358 344
323 344
359 323
326 323
360 326
361 326
345 326
362 345
346 345
363 346
347 346
363 347
348 347
364 348
349 348
365 349
350 349
365 350
351 315
317 351
352 317
353 352
354 353
355 354
356 355
357 356
358 357
359 358
360 359
361 360
362 361
363 362
364 363
365 364
0 3 4 1 0 1 0 2 4 3 4 0 2 0 2 0 2 4 2 0 1 4 2 0 3 2 4 1 3 4 3 2 4 2 4 0 3 1 2 0 1 2 0 2 2 4 2 0 3 1 4 1 3 0 1 1 0 1 2 0 2 4 3 3 1 0 3 4 4 4 3 4 0 2 0 1 0 3 2 4 0 3 4 2 0 2 1 1 1 0 2 3 1 0 4 3 4 0 3 1 1 3 2 3 1 4 3 0 2 2 4 0 2 3 2 0 3 1 2 1 0 4 3 3 4 3 3 0 1 2 4 2 4 4 0 4 1 4 0 2 4 0 2 1 3 0 4 2 0 3 3 1 2 0 3 0 2 4 1 3 4 1 0 2 1 4 2 0 1 2 3 2 1 4 3 1 3 0 3 2 4 0 4 4 1 3 2 2 0 2 0 1 4 2 1 4 2 2 3 2 1 4 2 0 1 1 3 1 0 2 3 4 1 0 1 3 1 0 4 2 3 1 4 0 1 0 2 2 0 1 0 3 3 4 2 1 4 3 4 0 1 2 4 1 4 3 0 2 3 4 3 4 3 2 2 4 0 1 2 3 4 3 1 4 1 4 2 1 3 3 0 4 0 1 3 4 0 2 3 2 0 2 0 1 0 4 0 4 3 4 1 2 2 0 0 1 4 3 2 0 1 3 1 3 2 0 3 4 3 1 3 4 1 0 2 3 0 3 4 2 4 2 2 1 2 1 4 1 3 4 3 2 0 0 0 4 2 4 1 0 2 1 4 1 3 0 1 2 0 1 4 2 1 3 1 2 3 2 1 3 0 1 4 0 1 0