299 639
17 0
1 0
18 1
19 1
2 1
20 2
3 2
21 3
4 3
21 4
5 4
22 5
23 5
6 5
7 6
8 7
7 8
9 7
24 9
10 9
24 10
11 10
25 11
12 11
25 12
13 12
26 13
14 13
27 14
15 14
28 15
16 15
29 16
30 17
18 17
31 18
19 18
32 19
20 19
33 20
21 20
34 21
35 21
22 21
36 22
23 22
37 23
6 23
38 6
39 7
40 7
41 7
24 7
42 24
25 24
43 25
44 25
26 25
45 26
27 26
46 27
28 27
47 28
29 28
48 29
31 30
49 31
32 31
50 32
33 32
51 33
34 33
52 34
35 34
36 35
53 36
37 36
54 37
38 37
39 38
38 39
40 39
38 40
41 40
55 41
24 41
56 24
56 42
43 42
57 43
44 43
58 44
45 44
59 45
46 45
60 46
47 46
61 47
48 47
62 48
63 30
49 30
64 49
50 49
51 50
65 51
52 51
66 52
35 52
53 35
67 53
54 53
38 54
68 38
69 38
70 38
55 38
56 55
55 56
71 56
57 56
72 57
58 57
59 58
73 59
60 59
74 60
61 60
75 61
62 61
64 63
76 64
50 64
65 50
77 65
66 65
77 66
35 66
77 35
67 35
78 67
54 67
79 54
68 54
80 68
69 68
81 69
70 69
82 70
55 70
83 55
71 55
84 71
72 71
85 72
58 72
86 58
73 58
87 73
74 73
88 74
75 74
89 75
62 75
90 62
91 63
76 63
92 76
50 76
93 50
77 50
94 77
95 77
78 77
79 78
80 79
96 80
81 80
97 81
82 81
98 82
83 82
99 83
55 83
100 55
84 55
101 84
85 84
102 85
86 85
103 86
87 86
104 87
88 87
105 88
89 88
106 89
90 89
107 90
108 91
92 91
109 92
93 92
110 93
94 93
111 94
95 94
112 95
113 95
79 95
114 79
115 79
96 79
116 96
97 96
116 97
98 97
116 98
99 98
117 99
100 99
118 100
101 100
119 101
102 101
120 102
103 102
121 103
104 103
122 104
105 104
123 105
106 105
124 106
107 106
125 107
109 108
126 109
110 109
127 110
111 110
128 111
112 111
128 112
113 112
129 113
114 113
130 114
115 114
131 115
116 115
132 116
133 116
134 116
117 116
134 117
118 117
135 118
119 118
136 119
120 119
137 120
121 120
138 121
122 121
139 122
123 122
124 123
125 124
140 125
126 108
127 126
141 127
128 127
142 128
129 128
143 129
130 129
143 130
131 130
132 131
131 132
133 132
144 133
134 133
145 134
135 134
146 135
136 135
147 136
137 136
148 137
138 137
149 138
139 138
150 139
124 139
151 124
140 124
152 126
153 126
141 126
142 141
154 142
155 142
143 142
156 143
157 143
131 143
158 131
159 131
144 131
160 144
145 144
161 145
146 145
162 146
147 146
163 147
148 147
164 148
149 148
165 149
150 149
166 150
124 150
167 124
167 151
140 151
167 140
168 152
153 152
169 153
141 153
170 141
154 141
171 154
155 154
171 155
156 155
171 156
157 156
172 157
158 157
172 158
159 158
172 159
160 159
173 160
161 160
174 161
145 161
175 145
162 145
176 162
163 162
177 163
164 163
178 164
165 164
179 165
166 165
180 166
167 166
180 167
181 167
182 167
183 168
169 168
184 169
170 169
185 170
171 170
186 171
187 171
188 171
172 171
189 172
190 172
173 172
191 173
174 173
191 174
175 174
192 175
176 175
193 176
177 176
194 177
178 177
194 178
179 178
195 179
180 179
196 180
197 180
181 180
198 181
182 181
199 182
200 183
184 183
201 184
185 184
202 185
186 185
187 186
203 187
188 187
204 188
189 188
205 189
172 189
206 172
191 190
207 191
192 191
208 192
193 192
209 193
194 193
210 194
211 194
195 194
212 195
196 195
213 196
197 196
214 197
198 197
214 198
199 198
215 199
216 200
201 200
202 201
217 202
186 202
203 186
186 203
204 203
218 204
205 204
219 205
206 205
220 206
190 206
221 190
207 190
222 207
191 207
223 191
208 191
209 208
224 209
210 209
225 210
211 210
226 211
212 211
227 212
213 212
228 213
214 213
229 214
215 214
230 216
201 216
231 201
217 201
186 217
232 186
233 186
218 186
234 218
219 218
234 219
220 219
235 220
221 220
236 221
222 221
237 222
223 222
208 223
238 208
224 208
239 224
225 224
240 225
226 225
227 226
241 227
228 227
242 228
229 228
243 229
214 229
244 214
244 215
231 230
245 231
217 231
246 217
232 217
247 232
233 232
234 233
233 234
235 234
234 235
236 235
248 236
237 236
249 237
223 237
250 223
238 223
250 238
239 238
251 239
240 239
226 240
252 226
241 226
253 241
242 241
254 242
243 242
255 243
244 243
256 244
257 230
245 230
258 245
246 245
259 246
247 246
260 247
233 247
261 233
262 233
263 234
248 234
264 248
249 248
265 249
250 249
266 250
251 250
240 251
251 240
252 240
267 252
253 252
267 253
254 253
268 254
255 254
244 255
269 256
270 257
258 257
271 258
259 258
272 259
260 259
261 260
260 261
262 261
273 262
234 262
273 234
274 263
264 263
265 264
275 265
266 265
276 266
250 266
277 250
278 251
267 251
279 267
268 267
244 268
280 244
281 244
269 244
282 269
283 270
271 270
284 271
272 271
284 272
260 272
285 260
286 260
273 260
287 273
288 273
274 273
289 274
264 274
290 264
275 264
291 275
276 275
291 276
277 276
251 277
292 251
293 278
279 278
294 279
268 279
295 268
280 268
296 280
281 280
297 281
282 281
298 282
284 283
285 284
286 285
287 286
288 287
289 288
290 289
291 290
277 291
292 277
293 292
279 293
295 294
296 295
297 296
298 297
1 4 0 4 0 4 5 0 1 2 0 1 6 2 5 3 2 3 2 6 2 3 7 6 6 7 3 7 6 0 1 5 3 7 0 4 0 1 6 3 5 2 4 1 4 6 5 0 6 7 0 2 7 6 0 3 5 0 7 5 7 1 3 5 3 7 5 3 7 0 1 4 6 4 0 2 2 6 1 4 6 7 6 4 1 3 0 5 4 1 6 2 1 5 4 2 1 4 5 3 1 2 6 4 3 7 3 4 0 4 3 2 6 4 7 5 0 6 0 7 2 1 0 4 0 1 5 6 1 0 5 0 2 6 2 1 5 1 7 2 6 1 7 2 3 7 2 4 5 4 3 1 6 2 3 1 0 6 3 7 6 1 4 1 2 3 1 5 4 3 7 4 0 2 6 3 5 2 4 5 4 0 4 3 5 1 5 7 3 4 7 3 7 1 7 2 5 3 1 3 1 2 4 3 4 3 6 6 4 5 1 4 7 3 5 6 4 6 7 2 7 4 5 2 0 5 2 3 6 4 2 4 1 0 4 3 5 1 7 1 6 0 1 7 3 7 0 4 2 6 1 4 3 2 4 0 1 5 6 3 5 4 6 5 3 0 5 0 6 5 4 3 0 7 4 1 4 5 2 5 0 6 2 5 4 0 2 0 3 2 7 2 1 7 3 1 3 0 4