315 655
19 0
1 0
19 1
2 1
20 2
3 2
21 3
4 3
22 4
5 4
23 5
6 5
24 6
25 6
7 6
26 7
8 7
9 8
10 9
27 10
11 10
28 11
12 11
29 12
13 12
30 13
14 13
31 14
15 14
32 15
16 15
32 16
17 16
18 17
33 18
34 19
20 19
35 20
21 20
36 21
22 21
37 22
23 22
38 23
24 23
38 24
25 24
39 25
26 25
40 26
9 26
41 9
42 9
27 9
43 27
28 27
44 28
29 28
45 29
30 29
46 30
31 30
47 31
32 31
48 32
49 32
17 32
33 17
50 33
51 19
51 34
35 34
52 35
36 35
53 36
37 36
54 37
38 37
55 38
56 38
39 38
57 39
40 39
58 40
41 40
42 41
59 42
43 42
60 43
44 43
61 44
45 44
62 45
46 45
47 46
48 47
49 48
63 49
17 49
64 17
50 17
65 50
66 51
67 51
52 51
68 52
53 52
54 53
55 54
69 55
56 55
70 56
57 56
71 57
58 57
72 58
41 58
73 41
59 41
74 59
60 59
61 60
75 61
62 61
46 62
76 46
48 46
77 48
63 48
78 63
64 63
79 64
65 64
80 65
81 66
67 66
68 67
82 68
54 68
83 54
84 54
69 54
85 69
70 69
86 70
71 70
87 71
72 71
88 72
73 72
88 73
74 73
60 74
89 60
75 60
90 75
62 75
91 62
76 62
77 76
76 77
92 77
78 77
93 78
79 78
80 79
94 80
95 81
67 81
96 67
82 67
97 82
83 82
98 83
84 83
99 84
85 84
100 85
86 85
100 86
87 86
101 87
88 87
101 88
102 88
74 88
103 74
89 74
104 89
90 89
105 90
91 90
106 91
76 91
107 76
108 76
92 76
109 92
93 92
110 93
79 93
111 79
94 79
112 94
113 95
96 95
97 96
98 97
114 98
99 98
115 99
100 99
116 100
101 100
117 101
102 101
118 102
103 102
119 103
104 103
120 104
105 104
121 105
106 105
107 106
106 107
108 107
122 108
109 108
123 109
110 109
124 110
111 110
125 111
112 111
126 112
127 113
96 113
127 96
128 97
114 97
115 114
129 115
116 115
117 116
130 117
118 117
131 118
119 118
132 119
120 119
133 120
121 120
134 121
106 121
135 106
136 106
122 106
137 122
123 122
124 123
125 124
138 125
126 125
139 126
140 127
141 127
128 127
142 128
114 128
143 114
129 114
144 129
116 129
145 116
130 116
146 130
147 130
131 130
148 131
132 131
149 132
133 132
150 133
134 133
151 134
135 134
152 135
136 135
153 136
137 136
154 137
123 137
155 123
156 124
138 124
139 138
157 139
158 140
141 140
159 141
142 141
160 142
143 142
161 143
144 143
162 144
145 144
146 145
147 146
163 147
148 147
164 148
149 148
165 149
150 149
166 150
151 150
167 151
152 151
168 152
153 152
169 153
154 153
170 154
155 154
171 155
156 155
172 156
138 156
172 138
157 138
173 157
174 158
159 158
175 159
160 159
176 160
161 160
177 161
162 161
178 162
145 162
179 145
179 146
180 146
163 146
164 163
181 164
165 164
182 165
166 165
183 166
167 166
168 167
167 168
169 168
184 169
170 169
185 170
171 170
186 171
172 171
187 172
188 172
173 172
189 173
190 174
175 174
191 175
176 175
177 176
192 177
178 177
193 178
179 178
194 179
180 179
179 180
163 180
195 163
181 163
196 181
182 181
196 182
183 182
197 183
167 183
197 167
198 167
184 167
199 184
185 184
186 185
187 186
200 187
188 187
189 188
201 189
202 190
191 190
203 191
176 191
203 176
192 176
204 192
193 192
205 193
194 193
206 194
179 194
207 179
208 179
195 179
209 195
196 195
210 196
197 196
211 197
198 197
212 198
199 198
213 199
185 199
214 185
215 186
200 186
216 200
188 200
216 188
201 188
217 201
218 202
203 202
219 203
220 203
204 203
221 204
205 204
222 205
206 205
223 206
207 206
224 207
208 207
225 208
209 208
196 209
226 196
227 210
197 210
228 197
229 211
212 211
213 212
230 213
214 213
231 214
215 214
232 215
216 215
233 216
234 216
217 216
235 217
236 218
219 218
237 219
220 219
238 220
221 220
239 221
222 221
239 222
223 222
239 223
224 223
240 224
225 224
241 225
209 225
241 209
226 209
242 226
227 226
243 227
228 227
244 228
229 228
245 229
212 229
246 212
230 212
247 230
231 230
248 231
232 231
248 232
233 232
249 233
234 233
250 234
235 234
251 235
252 236
237 236
253 237
238 237
254 238
239 238
254 239
255 239
256 239
240 239
257 240
241 240
258 241
259 241
242 241
260 242
243 242
261 243
244 243
262 244
245 244
263 245
246 245
264 246
247 246
265 247
248 247
266 248
249 248
267 249
250 249
268 250
251 250
269 251
270 252
253 252
254 253
271 254
272 254
255 254
273 255
256 255
274 256
257 256
275 257
258 257
276 258
259 258
277 259
260 259
278 260
261 260
262 261
279 262
263 262
280 263
264 263
281 264
265 264
248 265
282 248
283 266
267 266
284 267
268 267
284 268
269 268
285 269
253 270
286 253
271 253
287 271
272 271
288 272
273 272
288 273
274 273
289 274
275 274
289 275
276 275
290 276
277 276
291 277
278 277
292 278
261 278
293 261
279 261
294 279
280 279
295 280
281 280
282 281
265 281
282 265
283 282
296 283
284 283
297 284
298 284
285 284
286 270
270 286
287 286
299 287
288 287
300 288
301 288
289 288
302 289
303 289
290 289
304 290
291 290
305 291
292 291
293 292
306 293
294 293
307 294
295 294
308 295
282 295
309 282
310 282
296 282
311 296
297 296
312 297
298 297
313 298
285 298
314 285
299 270
300 299
301 300
302 301
303 302
304 303
305 304
292 305
306 292
307 306
308 307
309 308
310 309
311 310
312 311
313 312
314 313
4 1 2 1 0 1 3 0 7 3 4 6 4 6 4 5 2 6 4 7 4 2 5 3 5 4 6 2 4 6 0 1 4 7 1 0 1 4 1 5 3 1 2 0 2 5 7 2 6 7 4 0 4 6 7 4 6 3 5 5 7 0 6 3 7 0 7 3 0 6 1 0 2 4 0 5 3 2 4 6 2 0 4 3 6 3 0 7 5 4 1 2 0 7 4 4 2 5 2 5 1 3 4 1 5 7 5 2 4 3 6 5 7 1 7 2 3 7 3 5 0 3 1 7 5 2 1 7 0 5 6 4 3 7 5 4 0 3 3 2 5 4 3 1 2 0 4 5 2 7 0 4 3 1 4 3 6 5 4 0 4 6 1 7 4 0 5 6 0 5 2 7 1 6 1 3 5 7 6 3 0 6 1 3 0 7 2 5 6 2 5 2 4 5 1 6 3 0 4 5 3 1 1 6 0 4 2 5 1 5 4 7 3 6 3 1 5 4 3 1 3 1 3 0 4 6 0 1 3 6 4 6 2 4 2 0 1 2 1 6 7 2 1 3 6 1 6 3 1 3 7 4 6 7 0 3 7 4 6 3 7 4 0 2 7 2 4 1 3 5 4 6 2 0 5 3 1 5 2 5 7 6 5 6 7 4 1 5 1 7 0 6 4 6 2 0 4 6 1 6 0 2 4 5 4 5 2 0 7 6 2 0 3 0 5