311 650
19 0
1 0
20 1
2 1
20 2
3 2
21 3
4 3
22 4
5 4
23 5
6 5
24 6
7 6
25 7
8 7
26 8
9 8
27 9
10 9
28 10
11 10
29 11
12 11
13 12
12 13
14 12
12 14
15 14
12 15
16 15
17 16
30 17
18 17
31 18
32 19
20 19
33 20
21 20
33 21
22 21
34 22
23 22
35 23
24 23
36 24
25 24
37 25
26 25
27 26
38 27
28 27
39 28
29 28
40 29
12 29
40 12
41 12
42 12
43 12
16 12
44 16
30 16
44 30
31 30
45 31
46 32
33 32
47 33
48 33
34 33
49 34
35 34
50 35
36 35
51 36
37 36
52 37
26 37
38 26
53 38
39 38
54 39
40 39
55 40
56 40
41 40
42 41
57 42
43 42
58 43
12 43
44 12
12 44
45 44
59 45
60 46
47 46
61 47
48 47
61 48
49 48
62 49
50 49
51 50
63 51
52 51
64 52
26 52
65 26
53 26
66 53
54 53
67 54
55 54
68 55
56 55
69 56
41 56
70 41
57 41
58 57
71 58
12 58
71 12
72 12
59 12
73 59
47 60
74 61
75 61
62 61
76 62
50 62
63 50
64 63
77 64
65 64
78 65
66 65
79 66
67 66
80 67
68 67
81 68
69 68
82 69
70 69
83 70
57 70
84 57
71 57
85 71
72 71
86 72
87 72
73 72
88 73
89 47
90 47
74 47
91 74
75 74
92 75
76 75
63 76
93 63
94 63
77 63
95 77
78 77
96 78
79 78
97 79
80 79
97 80
81 80
98 81
82 81
99 82
83 82
100 83
84 83
101 84
85 84
102 85
103 85
86 85
104 86
87 86
105 87
88 87
106 88
107 89
90 89
108 90
91 90
108 91
92 91
109 92
76 92
110 76
93 76
111 93
94 93
112 94
95 94
113 95
96 95
113 96
97 96
114 97
115 97
98 97
116 98
99 98
117 99
100 99
118 100
101 100
119 101
102 101
120 102
103 102
121 103
104 103
122 104
105 104
123 105
106 105
124 106
125 107
108 107
125 108
126 108
109 108
110 109
127 110
111 110
112 111
128 112
113 112
114 113
129 114
115 114
130 115
116 115
131 116
117 116
131 117
118 117
132 118
119 118
133 119
120 119
134 120
121 120
135 121
122 121
136 122
123 122
137 123
124 123
137 124
138 125
126 125
109 126
127 109
111 127
139 111
128 111
140 128
113 128
141 113
129 113
142 129
130 129
143 130
131 130
144 131
145 131
132 131
146 132
133 132
147 133
134 133
135 134
148 135
136 135
149 136
137 136
150 137
125 138
151 126
152 109
152 127
139 127
153 139
140 139
154 140
141 140
155 141
156 141
142 141
157 142
143 142
157 143
144 143
158 144
145 144
159 145
146 145
160 146
147 146
161 147
134 147
162 134
148 134
163 148
149 148
164 149
150 149
164 150
137 150
165 137
166 138
167 125
151 125
168 151
152 151
169 152
170 152
153 152
171 153
154 153
172 154
155 154
173 155
156 155
174 156
157 156
175 157
176 157
158 157
177 158
159 158
178 159
160 159
179 160
161 160
180 161
162 161
181 162
163 162
182 163
164 163
183 164
184 164
165 164
184 165
167 166
168 167
167 168
169 168
170 169
185 170
171 170
186 171
172 171
187 172
173 172
188 173
174 173
189 174
175 174
190 175
176 175
190 176
177 176
191 177
178 177
191 178
179 178
192 179
180 179
193 180
181 180
194 181
182 181
195 182
183 182
195 183
184 183
196 184
197 184
198 167
199 167
169 167
200 169
185 169
201 185
186 185
202 186
187 186
203 187
188 187
204 188
189 188
205 189
190 189
206 190
207 190
191 190
208 191
192 191
191 192
193 192
209 193
194 193
210 194
195 194
210 195
211 195
196 195
212 196
197 196
212 197
213 167
214 198
199 198
215 199
200 199
216 200
201 200
216 201
202 201
216 202
203 202
217 203
204 203
218 204
205 204
219 205
206 205
220 206
207 206
221 207
208 207
222 208
191 208
223 191
224 191
209 191
225 209
210 209
226 210
227 210
211 210
228 211
212 211
229 212
230 212
231 213
214 213
232 214
215 214
233 215
216 215
234 216
235 216
217 216
236 217
218 217
237 218
219 218
237 219
220 219
238 220
221 220
238 221
222 221
239 222
223 222
240 223
224 223
241 224
225 224
242 225
226 225
243 226
227 226
244 227
228 227
244 228
229 228
244 229
230 229
245 230
246 231
232 231
247 232
233 232
234 233
248 234
249 234
235 234
250 235
236 235
251 236
237 236
252 237
253 237
238 237
254 238
255 238
239 238
256 239
240 239
256 240
241 240
257 241
242 241
258 242
243 242
259 243
244 243
260 244
261 244
245 244
262 245
263 246
247 246
264 247
233 247
265 233
248 233
266 248
249 248
267 249
250 249
268 250
251 250
269 251
252 251
270 252
253 252
270 253
254 253
270 254
255 254
271 255
256 255
257 256
258 257
259 258
272 259
260 259
273 260
261 260
274 261
244 261
275 244
262 244
276 262
277 263
264 263
278 264
265 264
279 265
266 265
280 266
267 266
281 267
268 267
281 268
269 268
282 269
270 269
283 270
284 270
285 270
271 270
286 271
257 271
287 257
288 257
289 257
290 258
272 258
290 272
273 272
291 273
274 273
292 274
275 274
293 275
276 275
294 276
295 277
278 277
296 278
279 278
280 279
297 280
281 280
298 281
282 281
299 282
283 282
299 283
284 283
300 284
285 284
286 285
301 286
287 286
302 287
288 287
303 288
289 288
304 289
290 289
305 290
306 290
291 290
307 291
292 291
308 292
293 292
309 293
294 293
310 294
296 295
279 296
297 279
298 297
281 298
299 281
300 299
285 300
301 285
302 301
303 302
304 303
305 304
306 305
307 306
308 307
309 308
310 309
2 6 4 2 1 3 6 4 2 4 2 1 6 3 2 1 3 1 6 7 5 0 4 7 0 1 4 2 5 7 7 3 3 6 0 2 4 5 5 7 3 5 3 4 5 0 6 1 4 2 1 7 1 2 6 0 2 7 1 7 3 2 6 2 5 7 1 7 1 4 0 5 1 4 0 3 7 3 2 0 6 0 2 7 6 2 3 7 1 2 5 4 1 4 6 5 3 2 7 0 2 4 3 0 6 4 6 0 7 3 4 3 4 1 5 6 0 1 0 5 0 3 2 3 2 2 1 6 6 6 5 6 3 0 1 6 5 1 7 7 4 6 0 7 5 4 7 6 3 0 7 6 4 6 3 1 5 4 0 1 5 1 0 7 1 6 6 5 7 1 6 1 7 3 2 0 1 6 5 4 2 7 1 7 0 4 5 3 6 0 3 4 2 7 5 4 5 2 0 1 2 0 3 0 5 7 2 4 1 0 7 5 6 0 5 4 1 4 7 4 0 2 3 7 2 3 4 5 6 1 0 7 0 1 5 7 1 2 4 5 6 1 6 0 7 5 6 3 0 3 2 3 5 4 7 1 3 4 3 5 2 1 1 4 1 2 5 2 6 7 2 5 7 6 5 4 0 2 0 4 1 3 2 4 6 5 7 3 0 6 2 5 2 7 4 4 5 6 4 7 3 3 6 1 0 5 0 2 7 5 2