315 657
17 0
1 0
18 1
2 1
3 2
19 3
4 3
20 4
5 4
20 5
6 5
21 6
22 6
7 6
8 7
23 8
9 8
10 9
24 10
11 10
25 11
12 11
25 12
26 12
13 12
27 13
14 13
28 14
29 14
15 14
30 15
16 15
31 16
32 17
18 17
2 18
33 2
19 2
34 19
20 19
35 20
21 20
36 21
22 21
37 22
7 22
38 7
23 7
39 23
9 23
24 9
40 24
25 24
41 25
26 25
42 26
27 26
43 27
28 27
44 28
29 28
45 29
30 29
46 30
31 30
46 31
47 32
18 32
48 18
33 18
49 33
34 33
50 34
35 34
51 35
52 35
36 35
53 36
37 36
54 37
38 37
55 38
39 38
56 39
9 39
57 9
40 9
58 40
41 40
59 41
60 41
42 41
60 42
43 42
61 43
44 43
62 44
45 44
63 45
46 45
63 46
64 47
48 47
65 48
49 48
66 49
50 49
67 50
51 50
68 51
52 51
69 52
53 52
70 53
54 53
71 54
55 54
72 55
56 55
73 56
57 56
74 57
58 57
74 58
59 58
75 59
60 59
76 60
61 60
76 61
62 61
77 62
63 62
77 63
78 63
79 64
65 64
80 65
66 65
67 66
81 67
68 67
82 68
69 68
83 69
70 69
84 70
71 70
72 71
85 72
73 72
86 73
74 73
87 74
75 74
60 75
88 60
89 76
90 76
77 76
91 77
92 77
78 77
93 78
94 79
80 79
95 80
66 80
81 66
96 81
82 81
83 82
84 83
97 84
71 84
98 71
85 71
86 85
87 86
99 87
100 87
75 87
101 75
88 75
102 88
89 88
103 89
90 89
104 90
91 90
105 91
106 91
92 91
107 92
93 92
107 93
108 94
95 94
66 95
109 66
96 66
82 96
110 82
111 83
97 83
112 97
98 97
113 98
86 98
114 86
115 86
99 86
116 99
100 99
117 100
101 100
118 101
102 101
119 102
103 102
120 103
104 103
121 104
105 104
122 105
106 105
123 106
107 106
124 107
125 107
126 108
95 108
127 95
109 95
128 109
96 109
129 96
110 96
130 110
111 110
131 111
112 111
132 112
113 112
133 113
114 113
134 114
115 114
135 115
116 115
136 116
117 116
137 117
118 117
138 118
119 118
139 119
120 119
140 120
121 120
141 121
122 121
142 122
123 122
143 123
124 123
144 124
125 124
145 125
146 126
127 126
147 127
128 127
147 128
129 128
148 129
130 129
149 130
131 130
150 131
132 131
151 132
133 132
152 133
134 133
153 134
135 134
136 135
154 136
137 136
155 137
138 137
156 138
139 138
157 139
140 139
158 140
141 140
159 141
142 141
160 142
143 142
161 143
144 143
162 144
145 144
163 145
164 146
147 146
165 147
166 147
148 147
167 148
149 148
168 149
150 149
169 150
151 150
170 151
152 151
171 152
153 152
172 153
135 153
173 135
154 135
173 154
155 154
174 155
156 155
175 156
157 156
176 157
158 157
176 158
159 158
176 159
160 159
177 160
161 160
178 161
162 161
179 162
163 162
179 163
180 164
165 164
181 165
166 165
181 166
167 166
168 167
182 168
169 168
183 169
170 169
184 170
171 170
185 171
172 171
185 172
173 172
186 173
187 173
174 173
175 174
188 175
176 175
189 176
190 176
191 176
177 176
192 177
178 177
193 178
179 178
193 179
194 180
181 180
195 181
196 181
167 181
197 167
182 167
183 182
198 183
184 183
199 184
185 184
200 185
186 185
201 186
187 186
202 187
174 187
203 174
188 174
189 188
190 189
204 190
191 190
205 191
192 191
206 192
193 192
207 193
208 193
209 194
195 194
210 195
196 195
210 196
197 196
211 197
182 197
212 182
198 182
213 198
199 198
214 199
200 199
215 200
185 200
216 185
201 185
217 201
202 201
218 202
203 202
219 203
188 203
220 188
221 189
204 189
205 204
204 205
206 205
222 206
207 206
193 207
223 208
224 209
210 209
211 210
225 211
212 211
226 212
213 212
226 213
214 213
215 214
227 215
216 215
228 216
217 216
229 217
218 217
230 218
219 218
220 219
221 220
231 221
204 221
232 204
233 204
222 204
234 222
207 222
235 193
223 193
236 223
237 224
210 224
238 210
225 210
239 225
226 225
240 226
241 226
214 226
241 214
227 214
242 227
228 227
243 228
229 228
244 229
230 229
245 230
220 230
246 220
231 220
247 231
232 231
248 232
233 232
248 233
234 233
249 234
207 234
235 207
236 235
250 236
251 237
238 237
252 238
253 238
239 238
254 239
240 239
255 240
241 240
256 241
257 241
242 241
257 242
243 242
258 243
244 243
258 244
245 244
259 245
246 245
220 246
260 220
247 220
261 247
248 247
262 248
263 248
249 248
264 249
235 249
265 235
266 235
250 235
267 250
268 251
252 251
269 252
253 252
270 253
254 253
271 254
255 254
272 255
256 255
273 256
257 256
274 257
275 257
258 257
276 258
277 258
259 258
278 259
246 259
279 246
260 246
279 260
261 260
280 261
262 261
281 262
263 262
282 263
264 263
283 264
265 264
284 265
266 265
285 266
267 266
286 267
287 268
269 268
288 269
270 269
289 270
271 270
290 271
272 271
273 272
291 273
274 273
292 274
275 274
293 275
276 275
294 276
277 276
295 277
278 277
279 278
296 279
297 279
280 279
298 280
281 280
299 281
282 281
299 282
283 282
300 283
284 283
301 284
285 284
302 285
286 285
302 286
303 287
288 287
289 288
290 289
289 290
272 290
304 272
291 272
305 291
292 291
306 292
293 292
294 293
307 294
295 294
308 295
278 295
296 278
278 296
297 296
309 297
298 297
310 298
299 298
310 299
311 299
300 299
311 300
301 300
312 301
302 301
313 302
314 302
288 303
304 289
305 304
306 305
293 306
307 293
308 307
278 308
309 278
310 309
311 310
312 311
313 312
314 313
5 7 3 0 7 0 2 5 1 3 6 2 1 6 7 1 2 2 0 4 6 7 1 6 7 6 2 5 2 3 5 3 6 6 7 0 5 0 3 1 5 0 6 2 6 0 4 2 4 7 4 7 4 3 2 6 5 0 4 7 4 0 2 3 1 2 6 2 0 2 4 7 2 3 5 0 3 4 7 5 0 4 7 6 3 5 0 3 7 2 7 1 2 6 3 4 3 7 4 6 4 3 0 6 3 0 3 5 7 7 0 5 4 6 4 6 2 7 4 2 7 0 5 2 4 7 1 2 5 7 5 7 0 3 0 5 0 4 0 6 2 7 1 3 6 1 4 3 0 4 3 4 5 7 4 5 4 1 3 5 6 2 5 4 0 6 0 5 7 6 7 0 1 3 6 5 4 7 4 6 6 2 0 5 2 4 2 0 7 2 5 6 2 3 4 1 3 6 7 4 7 3 6 2 1 5 3 5 0 1 7 0 1 0 7 3 6 7 2 0 2 7 0 4 5 3 4 2 0 6 1 1 2 0 4 4 1 0 4 5 2 1 3 1 2 0 5 0 1 2 5 2 5 1 7 3 7 4 5 7 3 2 7 4 5 3 6 0 3 0 4 5 6 5 6 7 1 6 0 2 3 0 3 2 5 7 2 7 4 7 4 0 2 4 0 5 5 7 1 5 1 2 1 6 5 7 0 6 3 4 7 3 1 2 5