304 651
1 0
16 1
17 1
2 1
18 2
3 2
18 3
4 3
19 4
5 4
20 5
6 5
21 6
7 6
22 7
8 7
23 8
9 8
24 9
10 9
11 10
10 11
12 11
25 12
13 12
26 13
27 13
14 13
28 14
15 14
28 15
16 0
29 16
17 16
29 17
18 17
30 18
31 18
32 18
19 18
33 19
20 19
34 20
21 20
22 21
35 22
23 22
36 23
24 23
37 24
10 24
38 10
39 10
25 10
39 25
12 25
26 12
40 26
27 26
41 27
28 27
42 28
43 28
29 0
44 29
30 29
45 30
31 30
46 31
32 31
47 32
33 32
48 33
34 33
49 34
21 34
35 21
21 35
36 35
50 36
37 36
51 37
38 37
52 38
39 38
53 39
54 39
12 39
55 12
40 12
56 40
41 40
57 41
42 41
58 42
43 42
59 0
44 0
60 44
29 44
61 29
45 29
62 45
46 45
63 46
47 46
64 47
48 47
49 48
65 49
21 49
66 21
67 21
50 21
68 50
51 50
52 51
69 52
53 52
70 53
54 53
71 54
55 54
56 55
55 56
57 56
55 57
58 57
72 58
43 58
73 43
74 59
60 59
75 60
61 60
76 61
62 61
77 62
63 62
64 63
48 64
78 48
65 48
79 65
66 65
67 66
68 67
80 68
51 68
81 51
69 51
81 69
70 69
71 70
82 71
55 71
83 55
84 55
72 55
85 72
73 72
86 73
87 74
75 74
88 75
76 75
89 76
77 76
90 77
64 77
91 64
92 64
78 64
93 78
79 78
94 79
66 79
80 67
95 80
81 80
96 81
70 81
97 70
82 70
98 82
55 82
99 83
84 83
100 84
85 84
86 85
101 86
102 87
88 87
103 88
89 88
104 89
90 89
91 90
105 91
92 91
105 92
93 92
94 93
93 94
66 94
106 66
107 67
95 67
108 95
96 95
109 96
97 96
110 97
98 97
111 98
55 98
112 55
99 55
113 99
100 99
114 100
85 100
115 85
101 85
116 101
117 102
103 102
118 103
104 103
119 104
90 104
119 90
105 90
119 105
120 105
93 105
121 93
106 93
122 106
107 106
123 107
108 107
124 108
109 108
125 109
126 109
110 109
127 110
111 110
128 111
112 111
128 112
113 112
129 113
114 113
130 114
115 114
131 115
116 115
132 116
133 117
118 117
134 118
119 118
135 119
136 119
120 119
121 120
93 121
122 93
137 122
123 122
138 123
124 123
139 124
125 124
140 125
126 125
141 126
127 126
142 127
128 127
143 128
129 128
144 129
130 129
145 130
131 130
146 131
132 131
147 132
148 133
134 133
149 134
135 134
150 135
136 135
151 136
121 136
152 121
153 121
154 121
137 121
155 137
138 137
156 138
139 138
156 139
140 139
157 140
141 140
157 141
142 141
157 142
143 142
158 143
159 143
144 143
160 144
145 144
146 145
145 146
147 146
161 148
149 148
161 149
150 149
162 150
135 150
163 135
151 135
152 151
164 152
153 152
165 153
154 153
166 154
155 154
156 155
167 156
168 156
157 156
169 157
170 157
158 157
171 158
159 158
172 159
160 159
173 160
145 160
174 145
175 145
147 145
176 147
177 161
178 161
162 161
179 162
163 162
180 163
151 163
181 151
164 151
182 164
165 164
183 165
166 165
155 166
184 155
167 155
185 167
168 167
186 168
169 168
187 169
170 169
188 170
157 170
189 157
171 157
172 171
190 172
173 172
191 173
174 173
192 174
175 174
192 175
176 175
193 176
178 177
194 178
179 178
195 179
180 179
196 180
181 180
197 181
182 181
198 182
183 182
199 183
166 183
200 166
184 166
201 184
185 184
186 185
202 186
187 186
203 187
188 187
189 188
204 189
171 189
205 171
190 171
206 190
191 190
207 191
192 191
208 192
209 192
193 192
210 193
211 177
194 177
211 194
195 194
212 195
196 195
213 196
197 196
214 197
198 197
214 198
199 198
200 199
201 200
200 201
185 201
215 185
202 185
216 202
203 202
217 203
188 203
218 188
204 188
218 204
205 204
219 205
206 205
220 206
207 206
221 207
208 207
222 208
209 208
223 209
210 209
224 210
225 211
226 211
212 211
227 212
213 212
214 213
213 214
228 214
200 214
229 200
230 200
215 200
231 215
216 215
232 216
217 216
232 217
218 217
233 218
234 218
219 218
235 219
220 219
236 220
221 220
237 221
222 221
238 222
223 222
239 223
224 223
240 224
241 225
226 225
227 226
226 227
213 227
226 213
242 213
228 213
242 228
229 228
243 229
200 229
244 230
231 230
245 231
232 231
246 232
247 232
233 232
248 233
234 233
235 234
249 235
236 235
250 236
237 236
238 237
251 238
239 238
252 239
240 239
253 240
254 241
226 241
255 226
256 226
257 226
242 226
258 242
259 242
243 242
260 243
200 243
261 200
244 200
245 244
262 245
246 245
263 246
247 246
264 247
248 247
234 248
265 234
249 234
266 249
250 249
267 250
237 250
268 237
251 237
269 251
252 251
270 252
253 252
271 253
272 254
255 254
273 255
256 255
274 256
257 256
258 257
275 258
259 258
276 259
260 259
277 260
261 260
278 261
244 261
279 244
262 244
280 262
263 262
264 263
281 264
248 264
282 248
265 248
283 265
266 265
267 266
284 267
268 267
285 268
269 268
286 269
270 269
287 270
271 270
288 271
289 272
273 272
289 273
274 273
257 274
290 257
275 257
291 275
276 275
292 276
277 276
293 277
278 277
294 278
279 278
295 279
280 279
296 280
263 280
281 263
297 281
282 281
298 282
283 282
266 283
299 266
284 266
300 284
285 284
301 285
286 285
302 286
287 286
303 287
288 287
303 288
274 289
290 274
291 290
292 291
293 292
294 293
295 294
296 295
263 296
297 263
298 297
283 298
299 283
300 299
301 300
302 301
303 302
4 7 2 0 4 1 0 5 1 2 3 0 6 5 4 5 5 2 6 1 0 2 4 3 5 0 1 4 6 3 5 0 7 3 6 6 5 4 5 1 2 3 0 3 7 1 6 3 6 7 0 3 2 0 6 3 7 1 4 2 1 4 0 1 4 2 0 5 1 0 6 0 0 2 1 4 1 3 2 7 7 5 4 6 4 1 6 3 5 3 0 7 0 6 2 2 0 5 6 4 5 0 4 1 5 1 4 3 7 4 1 5 0 5 6 4 3 6 7 3 0 3 7 6 4 2 7 0 2 3 4 6 1 2 4 5 4 1 0 2 3 5 1 3 2 0 1 6 1 3 0 3 5 4 1 3 4 6 7 2 7 2 7 4 6 0 6 0 6 1 5 4 0 4 1 3 7 1 0 4 5 1 0 3 4 1 5 2 7 5 5 2 6 0 3 5 2 0 7 1 2 6 0 6 6 7 1 4 5 7 3 4 6 4 3 5 2 1 3 1 4 0 7 6 5 2 6 2 7 5 6 3 7 1 0 5 3 6 1 3 2 7 2 6 4 0 3 4 7 2 0 0 6 0 5 1 4 1 6 3 7 6 2 6 1 1 3 7 4 3 4 7 1 3 2 2 0 3 7 6 1 0 5 7 6 7 2 5 4 5 4 3 5 7 3 2 4 7 6 6 5 2 3 6