67 138
8 0
1 0
9 1
2 1
10 2
3 2
11 3
4 3
5 4
6 5
5 6
7 6
12 7
13 8
9 8
14 9
10 9
14 10
3 10
15 3
16 11
5 11
17 5
18 5
19 5
12 6
6 12
20 13
14 13
21 14
15 14
22 15
16 15
23 16
17 16
24 17
18 17
25 18
19 18
26 19
6 19
27 6
28 6
29 20
21 20
30 21
31 21
22 21
31 22
23 22
24 23
25 24
32 25
26 25
33 26
27 26
34 27
28 27
35 28
36 29
30 29
36 30
31 30
37 31
38 31
23 31
23 24
32 24
39 32
33 32
40 33
34 33
35 34
34 35
41 36
37 36
42 37
38 37
42 38
23 38
43 23
44 23
39 23
44 39
40 39
45 40
34 40
46 34
47 41
48 41
42 41
49 42
50 42
43 42
50 43
44 43
51 44
45 44
52 45
34 45
34 46
53 47
48 47
53 48
49 48
53 49
50 49
54 50
55 50
51 50
56 51
57 51
52 51
57 52
34 52
58 34
59 34
60 53
54 53
61 54
55 54
62 55
56 55
63 56
57 56
64 57
65 57
58 57
65 58
59 58
66 59
53 60
61 53
62 61
63 62
64 63
65 64
66 65
5 4 5 4 0 5 1 5 3 5 0 1 0 1 2 5 0 4 1 4 0 5 4 2 3 0 1 0 4 4 1 3 2 3 4 3 3 2 5 3 0 5 0 4 5 3 1 2 0 5 2 4 0 3 4 3 2 1 3 2 4 0 1 0 4 2 5