68 138
1 0
0 1
2 1
10 2
3 2
10 3
4 3
11 4
5 4
12 5
6 5
13 6
7 6
14 7
8 7
9 8
15 0
10 0
16 10
17 10
11 10
18 11
12 11
19 12
13 12
20 13
14 13
8 14
8 9
21 0
22 15
16 15
17 16
18 17
19 18
23 19
20 19
24 20
14 20
25 14
26 8
27 8
28 21
22 21
29 22
16 22
30 16
31 17
32 18
23 18
24 23
23 24
25 24
23 25
26 25
33 26
27 26
34 27
35 28
29 28
36 29
30 29
37 30
31 30
38 31
32 31
39 32
23 32
40 23
41 23
33 23
34 33
42 35
36 35
37 36
38 37
43 38
39 38
43 39
40 39
41 40
44 41
23 41
44 23
34 23
44 34
45 34
36 42
46 36
47 37
43 37
48 43
40 43
49 40
44 40
50 44
51 44
45 44
52 45
46 42
53 46
47 46
54 47
48 47
55 48
43 48
56 43
49 43
50 49
57 50
51 50
58 51
52 51
59 52
60 42
53 42
61 53
54 53
62 54
55 54
63 55
56 55
49 56
57 49
64 57
65 57
58 57
66 58
59 58
67 59
61 60
62 61
63 62
56 63
64 49
65 64
66 65
67 66
2 4 1 0 1 4 5 2 5 4 5 3 1 0 3 4 1 2 0 4 5 3 5 3 0 2 3 1 2 1 0 3 2 1 4 3 2 5 1 3 5 1 5 4 2 0 0 4 1 0 5 1 3 2 3 4 1 1 2 0 1 3 0 2 2 4 0 2