73 147
1 0
2 1
9 2
3 2
10 3
4 3
11 4
5 4
12 5
6 5
13 6
7 6
8 7
14 0
15 1
9 1
16 9
10 9
17 10
4 10
18 4
19 11
12 11
20 12
13 12
21 13
8 13
22 8
23 14
15 14
23 15
16 15
23 16
17 16
24 17
18 17
25 18
19 18
25 19
20 19
26 20
21 20
27 21
22 21
27 22
8 22
28 8
29 23
24 23
30 24
25 24
31 25
32 25
26 25
33 26
27 26
34 27
35 27
28 27
36 28
37 29
23 29
38 23
39 23
30 23
31 30
40 31
32 31
41 32
33 32
42 33
34 33
43 34
35 34
36 35
44 36
45 37
38 37
45 38
39 38
45 39
30 39
46 30
40 30
47 40
41 40
48 41
42 41
49 42
43 42
49 43
35 43
44 35
50 44
51 45
52 45
53 45
46 45
54 46
47 46
55 47
48 47
56 48
49 48
57 49
35 49
50 35
35 50
58 51
52 51
59 52
53 52
60 53
54 53
61 54
55 54
62 55
56 55
63 56
57 56
63 57
64 57
35 57
65 35
66 58
59 58
66 59
60 59
67 60
61 60
68 61
62 61
68 62
63 62
69 63
64 63
70 64
65 64
71 65
72 65
67 66
68 67
69 68
63 69
70 63
71 70
72 71
4 1 4 2 4 1 5 2 3 2 3 2 3 4 2 0 5 4 0 3 0 5 0 3 0 5 1 3 2 1 4 3 1 4 5 1 4 5 0 1 2 5 1 0 3 2 1 3 0 3 5 4 3 1 2 0 4 2 3 2 5 1 4 1 4 0 4 3 5 0 0 4 1