73 144
10 0
1 0
11 1
2 1
12 2
3 2
13 3
4 3
14 4
5 4
6 5
15 6
7 6
16 7
8 7
17 8
9 8
18 9
19 10
11 10
20 11
12 11
21 12
13 12
22 13
14 13
23 14
5 14
24 5
15 5
24 15
16 15
25 16
17 16
26 17
18 17
27 18
28 19
20 19
29 20
21 20
30 21
22 21
31 22
23 22
32 23
24 23
33 24
34 24
25 24
35 25
26 25
36 26
27 26
37 27
38 28
29 28
39 29
30 29
40 30
31 30
41 31
32 31
42 32
33 32
43 33
34 33
44 34
35 34
45 35
36 35
46 36
37 36
47 37
48 38
39 38
48 39
40 39
49 40
41 40
42 41
50 42
43 42
51 43
44 43
52 44
45 44
46 45
53 46
47 46
54 48
49 48
55 49
41 49
55 41
50 41
55 50
51 50
55 51
52 51
45 52
56 45
53 45
47 53
57 47
58 54
48 54
59 48
55 48
60 55
52 55
61 52
56 52
53 56
57 53
62 57
63 58
59 58
60 59
64 60
55 60
65 55
61 55
66 61
53 61
62 53
67 63
59 63
68 60
68 64
65 64
69 65
66 65
53 66
70 53
71 53
72 62
59 67
68 59
69 68
66 69
70 66
71 70
72 71
4 1 0 4 1 5 3 4 5 4 3 4 2 5 3 1 5 4 2 4 0 4 0 1 2 4 3 1 0 4 3 2 3 0 1 0 5 4 5 1 0 3 2 5 0 5 4 3 2 5 5 3 2 2 1 1 1 1 4 0 3 4 5 1 0 2 3 2 2 0 5 4 0