74 148
9 0
1 0
10 1
2 1
10 2
3 2
10 3
11 3
4 3
12 4
5 4
12 5
6 5
13 6
7 6
14 7
8 7
15 8
16 9
10 9
17 10
18 10
19 10
11 10
12 11
20 12
13 12
21 13
14 13
21 14
15 14
22 15
23 16
17 16
24 17
18 17
25 18
19 18
26 19
11 19
27 11
20 11
28 20
21 20
22 21
29 23
24 23
30 24
25 24
26 25
27 26
31 27
20 27
32 20
21 28
33 21
34 21
35 22
36 29
30 29
37 30
25 30
38 25
39 26
31 26
39 31
32 31
28 32
40 28
33 28
41 33
34 33
42 34
35 34
43 35
44 36
37 36
44 37
38 37
45 38
39 38
46 39
32 39
47 32
40 32
48 40
41 40
49 41
42 41
50 42
43 42
51 43
52 44
53 44
45 44
54 45
46 45
39 46
55 39
47 39
56 47
48 47
49 48
50 49
57 50
51 50
58 51
59 52
53 52
59 53
54 53
46 54
60 46
55 46
61 55
56 55
62 56
49 56
63 49
57 49
64 57
58 57
65 58
66 59
67 59
54 59
68 54
60 54
69 60
61 60
62 61
70 62
63 62
71 63
49 63
71 49
64 49
72 64
65 64
73 65
67 66
68 67
69 68
61 69
70 61
71 70
72 71
73 72
2 0 3 5 3 5 2 0 1 5 4 2 1 5 1 0 4 0 1 5 0 2 5 1 4 0 1 4 5 2 3 3 1 4 5 3 3 5 2 0 2 3 2 0 1 5 2 4 5 0 3 4 3 2 4 5 1 2 0 0 3 2 5 4 3 1 4 1 0 4 1 2 1 5