274 599
16 0
1 0
2 1
3 2
4 3
17 4
5 4
18 5
19 5
6 5
20 6
7 6
8 7
9 8
21 9
10 9
21 10
22 10
23 10
11 10
24 11
12 11
25 12
13 12
26 13
14 13
26 14
15 14
27 16
2 16
28 2
29 2
30 3
17 3
18 17
31 18
19 18
32 19
20 19
33 20
34 20
8 20
35 8
36 8
21 8
37 21
38 21
22 21
39 22
23 22
40 23
24 23
40 24
25 24
40 25
26 25
41 26
42 26
15 26
42 15
43 27
28 27
44 28
29 28
45 29
30 29
45 30
17 30
31 17
17 31
32 31
17 32
33 32
46 33
34 33
47 34
35 34
36 35
48 36
37 36
38 37
39 38
38 39
40 39
49 40
50 40
51 40
41 40
51 41
42 41
52 42
53 43
44 43
54 44
45 44
55 45
56 45
17 45
56 17
57 17
46 17
58 46
47 46
59 47
35 47
60 35
48 35
61 48
38 48
62 38
49 38
63 49
50 49
51 50
64 51
52 51
65 52
66 53
54 53
67 54
55 54
67 55
56 55
67 56
68 56
17 56
69 17
69 57
58 57
69 58
59 58
70 59
60 59
70 60
61 60
71 61
62 61
72 62
73 62
74 62
63 62
50 63
75 50
76 51
52 64
77 52
78 65
79 66
67 66
80 67
81 67
82 67
68 67
82 68
69 68
83 69
84 69
70 69
85 70
86 70
71 70
87 71
72 71
88 72
73 72
89 73
74 73
90 74
63 74
90 63
75 63
91 75
76 75
92 76
64 76
93 64
77 64
94 77
78 77
94 78
80 79
79 80
81 80
95 81
82 81
95 82
96 82
83 82
97 83
84 83
69 84
85 69
98 85
86 85
99 86
87 86
100 87
88 87
101 88
89 88
102 89
90 89
103 90
91 90
104 91
92 91
105 92
93 92
106 93
94 93
107 94
108 94
109 79
110 79
95 79
111 95
112 95
96 95
97 96
96 97
84 97
113 84
114 84
98 84
115 98
99 98
116 99
100 99
117 100
101 100
102 101
103 102
102 103
118 103
104 103
105 104
119 105
106 105
120 106
107 106
121 107
108 107
122 108
123 109
110 109
124 110
111 110
125 111
112 111
126 112
96 112
127 96
113 96
128 113
114 113
129 114
115 114
130 115
116 115
130 116
117 116
131 117
102 117
132 102
133 102
134 102
118 102
135 118
104 118
136 104
119 104
137 119
120 119
121 120
138 121
122 121
139 122
124 123
140 124
125 124
126 125
141 126
96 126
142 96
128 127
143 128
129 128
144 129
130 129
145 130
146 130
131 130
132 131
147 132
133 132
148 133
134 133
149 134
135 134
150 135
136 135
150 136
137 136
151 137
120 137
152 120
138 120
153 138
139 138
154 139
155 123
140 123
155 140
125 140
156 125
141 125
142 141
127 142
157 127
143 127
158 143
144 143
158 144
145 144
159 145
146 145
160 146
131 146
161 131
147 131
162 147
148 147
149 148
150 149
163 150
164 150
151 150
165 151
152 151
153 152
166 153
154 153
166 154
167 155
156 155
167 156
141 156
168 141
169 142
157 142
158 157
170 158
159 158
171 159
160 159
172 160
161 160
173 161
162 161
149 162
174 149
163 149
164 163
175 164
165 164
176 165
152 165
177 152
166 152
178 166
179 167
180 167
181 167
168 167
182 168
169 168
183 169
157 169
170 157
184 170
171 170
185 171
172 171
186 172
173 172
187 173
149 173
188 149
189 149
190 174
163 174
191 163
175 163
192 175
176 175
177 176
193 177
178 177
194 178
166 178
195 166
196 179
180 179
197 180
181 180
197 181
182 181
198 182
183 182
157 183
199 157
184 157
200 184
201 184
185 184
202 185
186 185
203 186
187 186
204 187
188 187
205 188
189 188
190 189
191 190
190 191
192 191
176 192
206 176
193 176
194 193
207 194
195 194
208 195
209 196
197 196
210 197
211 197
198 197
212 198
183 198
213 183
199 183
200 199
201 200
202 201
203 202
204 203
214 204
205 204
214 205
189 205
215 190
192 190
216 192
206 192
217 206
193 206
218 193
207 193
219 207
208 207
220 208
210 209
221 210
211 210
222 211
212 211
223 212
213 212
224 213
199 213
225 199
226 200
226 201
203 201
227 203
228 203
214 203
229 214
230 214
190 214
231 190
231 215
216 215
217 216
216 217
218 217
232 218
219 218
233 219
220 219
233 220
234 209
221 209
235 221
222 221
235 222
223 222
235 223
224 223
225 224
224 225
226 225
236 226
227 226
237 227
228 227
237 228
229 228
238 229
230 229
238 230
231 230
239 231
240 231
241 231
216 231
242 216
232 216
216 232
233 232
243 233
244 233
245 234
235 234
245 235
224 235
246 224
247 224
236 224
248 236
237 236
249 237
250 237
238 237
251 238
239 238
252 239
240 239
253 240
241 240
254 241
242 241
254 242
216 242
255 216
243 216
256 243
244 243
257 244
258 245
235 245
259 235
260 235
246 235
261 246
247 246
262 247
236 247
263 236
264 248
249 248
265 249
250 249
266 250
238 250
267 238
252 251
253 252
268 253
254 253
269 254
270 254
255 254
271 255
216 255
271 216
256 216
272 256
257 256
273 257
245 258
259 245
260 259
261 260
262 261
263 262
264 263
265 264
266 265
267 266
251 267
268 252
269 268
270 269
271 270
272 271
273 272
2 3 0 2 1 3 1 0 4 5 0 1 3 5 1 3 4 5 2 0 2 3 1 4 5 1 2 0 3 2 0 0 1 3 4 3 5 1 2 0 3 0 5 2 4 3 0 1 0 4 0 5 4 5 3 1 0 3 5 3 2 4 0 1 2 1 1 5 3 0 4 1 2 4 3 5 1 5 0 4 0 1 4 2 5 5 3 0 3 2 5 4 3 1 4 3 5 1 3 4 5 2 1 0 1 5 2 0 3 5 2 5 0 0 3 0 5 0 2 3 0 5 4 4 3 4 2 1 4 1 4 5 3 2 4 3 0 2 2 3 5 0 3 5 0 3 1 1 5 1 4 3 5 0 5 1 3 4 3 0 3 4 2 5 1 2 2 5 3 1 2 5 4 2 3 0 1 3 0 1 0 4 2 5 1 4 1 0 4 5 0 1 5 2 5 4 4 5 1 0 5 2 1 3 4 3 4 3 0 3 1 0 2 4 2 5 2 5 1 0 4 0 4 5 1 4 3 4 1 5 4 3 5 1 1 2 0 3 0 5 4 1 5 5 0 5 5 3 4 1 5 2 1 5 0 4 3 2 2 0 1 3 0 1 2 3 1 3 0 4 1 5 0 4