265 582
17 0
1 0
18 1
19 1
2 1
20 2
3 2
21 3
4 3
22 4
5 4
23 5
6 5
23 6
7 6
24 7
8 7
25 8
9 8
25 9
10 9
25 10
11 10
26 11
27 11
12 11
13 12
28 13
14 13
29 14
15 14
30 15
31 15
16 15
32 16
33 17
18 17
19 18
34 19
20 19
35 20
21 20
36 21
22 21
23 22
37 23
22 23
24 23
38 24
25 24
39 25
40 25
26 25
27 26
41 27
12 27
42 12
28 12
42 28
29 28
43 29
30 29
43 30
31 30
44 31
32 31
45 32
18 33
46 18
34 18
47 34
35 34
47 35
36 35
48 36
22 36
37 22
22 37
38 22
49 38
39 38
50 39
40 39
51 40
26 40
52 26
41 26
42 41
53 42
54 42
43 42
55 43
44 43
56 44
45 44
57 45
58 33
46 33
59 46
47 46
60 47
61 47
48 47
22 48
62 22
63 22
64 22
49 22
64 49
50 49
65 50
39 50
51 39
66 51
52 51
66 52
41 52
53 41
54 53
67 54
55 54
68 55
69 55
56 55
70 56
57 56
71 58
59 58
72 59
60 59
61 60
60 61
48 61
62 48
48 62
63 62
73 63
64 63
74 64
65 64
75 65
39 65
76 39
66 39
77 66
53 66
78 53
79 53
67 53
80 67
68 67
69 68
81 69
70 69
82 70
57 70
83 71
72 71
84 72
60 72
85 60
48 60
86 48
87 48
73 48
88 73
64 73
89 64
89 74
75 74
76 75
77 76
90 77
66 77
91 66
78 66
92 78
79 78
93 79
80 79
94 80
68 80
94 68
81 68
82 81
57 82
95 83
84 83
96 84
85 84
97 85
60 85
98 60
86 60
98 86
87 86
99 87
88 87
99 88
89 88
100 89
75 89
101 75
102 76
90 76
103 90
91 90
104 91
92 91
93 92
94 93
105 94
106 94
81 94
107 81
57 81
108 57
109 57
110 95
96 95
111 96
97 96
98 97
112 98
99 98
113 99
100 99
89 100
101 89
102 101
114 102
103 102
115 103
104 103
93 104
116 93
105 93
106 105
117 106
107 106
118 107
108 107
119 108
109 108
120 109
111 110
121 111
97 111
122 97
123 98
124 112
113 112
124 113
99 113
125 99
126 100
101 100
127 101
114 101
128 114
115 114
129 115
104 115
130 104
116 104
130 116
131 116
105 116
117 105
118 117
132 118
119 118
133 119
120 119
134 120
135 110
121 110
136 121
122 121
137 122
123 122
137 123
124 123
138 124
139 124
125 124
140 125
100 125
141 100
142 126
127 126
128 127
143 128
129 128
144 129
130 129
145 130
146 130
131 130
147 131
117 131
148 117
132 117
133 132
149 133
134 133
150 134
151 135
136 135
137 136
152 137
138 137
153 138
139 138
154 139
140 139
141 140
142 141
155 142
127 142
156 127
143 127
157 143
144 143
158 144
145 144
159 145
146 145
160 146
147 146
161 147
148 147
162 148
117 148
163 117
164 132
149 132
150 149
165 150
136 151
151 136
152 136
166 152
137 152
167 137
153 137
168 153
154 153
169 154
141 154
155 141
170 155
156 155
171 156
157 156
158 157
159 158
172 159
160 159
173 160
161 160
174 161
162 161
175 162
163 162
176 163
164 163
149 164
164 149
165 149
177 165
178 151
179 151
166 151
180 166
167 166
181 167
168 167
181 168
169 168
182 169
141 169
183 141
170 141
183 170
171 170
157 171
184 157
185 158
172 158
186 172
173 172
187 173
174 173
188 174
175 174
176 175
164 176
189 164
177 164
190 177
191 178
179 178
192 179
180 179
193 180
181 180
194 181
182 181
183 182
195 183
196 183
171 183
197 171
184 171
198 184
185 184
199 185
186 185
200 186
187 186
200 187
188 187
201 188
175 188
202 175
164 175
203 164
204 164
190 189
205 190
206 191
192 191
206 192
193 192
207 193
181 193
208 181
182 194
209 182
210 183
211 195
196 195
197 196
212 197
198 197
212 198
199 198
213 199
200 199
214 200
201 200
202 201
201 202
203 202
215 203
204 203
215 204
189 204
215 189
205 189
216 205
217 206
207 206
218 207
208 207
219 208
194 208
220 194
209 194
210 209
221 210
211 210
221 211
196 211
222 196
212 196
223 212
224 212
213 212
225 213
214 213
226 214
200 214
227 200
228 201
215 201
229 215
230 215
216 215
230 216
231 217
218 217
232 218
219 218
232 219
220 219
233 220
209 220
234 209
221 209
235 221
236 221
222 221
236 222
223 222
237 223
224 223
225 224
226 225
227 226
238 227
228 227
239 228
240 228
229 228
241 229
230 229
242 230
243 231
244 231
232 231
245 232
246 232
233 232
234 233
247 234
235 234
248 235
236 235
249 236
250 236
237 236
251 237
224 237
238 226
239 238
238 239
240 239
252 240
229 240
253 229
254 241
242 241
255 242
244 243
245 244
256 245
246 245
233 246
247 233
248 247
249 248
257 249
250 249
251 250
225 251
258 225
259 226
260 238
261 238
252 238
253 252
254 253
262 254
242 254
263 242
264 255
256 244
233 256
248 233
257 248
250 257
258 251
225 258
259 225
260 259
261 260
253 261
262 253
263 262
264 263
0 1 5 3 2 4 1 3 4 1 3 1 4 2 1 2 0 3 2 3 2 1 4 2 5 0 2 3 3 0 5 4 5 1 4 0 3 1 2 1 3 5 0 3 2 4 4 1 0 1 5 4 1 3 1 0 3 2 0 1 2 5 2 3 0 3 5 5 4 2 1 4 3 5 3 5 3 0 0 5 0 0 4 3 2 5 5 1 2 1 2 3 1 0 2 2 4 3 1 4 3 2 5 3 1 5 4 5 3 1 3 5 0 3 4 2 4 0 2 5 4 0 5 0 2 5 1 0 2 0 3 2 4 1 5 1 5 4 5 3 2 0 5 4 1 4 0 1 2 2 1 2 1 3 2 4 3 2 4 0 3 4 1 3 0 0 4 1 5 1 2 4 2 0 1 3 1 1 1 5 0 3 0 1 0 5 1 3 5 2 4 2 3 4 2 0 2 1 3 4 5 2 0 5 3 5 1 3 1 5 0 5 0 3 0 0 1 3 1 2 4 1 3 4 3 5 2 0 3 1 5 2 5 3 4 2 4 2 4 1 0 0 4 5 1 2 1 0 5 1 2 3 2 4 1 2 4 3 2 4 3 1 3 5 1