269 606
17 0
1 0
18 1
19 1
2 1
3 2
20 3
4 3
21 4
5 4
22 5
23 5
6 5
7 6
6 7
8 7
24 8
9 8
25 9
10 9
26 10
11 10
12 11
11 12
13 12
27 13
14 13
27 14
15 14
28 15
16 15
18 17
19 18
29 19
2 19
30 2
20 2
31 20
21 20
32 21
22 21
33 22
23 22
33 23
6 23
34 6
35 6
24 6
6 24
25 24
36 25
26 25
37 26
11 26
38 11
39 11
27 11
40 27
28 27
16 28
41 16
42 18
29 18
30 29
31 30
43 31
32 31
44 32
33 32
34 33
35 34
45 35
6 35
45 6
36 6
46 36
37 36
38 37
37 38
39 38
47 39
40 39
48 40
27 40
49 27
50 28
41 28
51 41
52 42
18 42
30 18
53 30
54 30
43 30
55 43
44 43
56 44
33 44
57 33
58 33
59 34
45 34
60 45
61 45
6 45
62 6
46 6
62 46
37 46
63 37
47 37
64 47
48 47
65 48
49 48
65 49
50 49
65 50
51 50
65 51
66 52
18 52
53 18
54 53
67 54
55 54
68 55
56 55
69 56
57 56
70 57
58 57
59 58
71 59
60 59
72 60
61 60
72 61
62 61
73 62
74 62
37 62
75 37
76 63
64 63
77 64
65 64
78 65
79 65
80 66
53 66
81 53
82 53
67 53
83 67
68 67
69 68
70 69
84 70
58 70
85 58
71 58
72 71
86 72
87 72
73 72
88 73
74 73
89 74
75 74
90 75
76 75
91 76
77 76
92 77
78 77
93 78
65 78
93 65
65 79
94 65
81 80
95 81
82 81
96 82
83 82
96 83
68 83
97 68
98 69
84 69
85 84
99 85
71 85
100 71
86 71
100 86
87 86
100 87
88 87
101 88
89 88
102 89
90 89
103 90
91 90
103 91
92 91
104 92
93 92
105 93
79 93
94 79
106 94
107 80
95 80
108 95
96 95
108 96
109 96
97 96
98 97
110 98
84 98
111 84
99 84
112 99
100 99
113 100
114 100
115 100
101 100
116 101
102 101
103 102
117 103
104 103
118 104
105 104
119 105
120 105
79 105
121 79
106 79
122 106
123 107
108 107
124 108
109 108
125 109
97 109
126 97
110 97
111 110
110 111
112 111
127 112
113 112
128 113
114 113
115 114
129 115
116 115
102 116
130 102
117 102
131 117
103 117
131 103
118 103
132 118
119 118
133 119
120 119
134 120
121 120
134 121
122 121
135 123
124 123
136 124
108 124
136 108
125 108
137 125
126 125
138 126
110 126
139 110
140 110
127 110
141 127
128 127
142 128
114 128
143 114
129 114
116 129
129 116
130 116
131 130
144 131
145 131
132 131
146 132
133 132
147 133
134 133
148 134
149 134
122 134
150 122
151 135
136 135
151 136
152 136
137 136
138 137
153 138
139 138
154 139
140 139
155 140
141 140
156 141
142 141
156 142
143 142
157 143
129 143
158 129
130 129
144 130
159 144
145 144
160 145
146 145
161 146
147 146
162 147
148 147
163 148
149 148
164 149
150 149
165 151
166 151
152 151
137 152
167 137
153 137
167 153
154 153
155 154
156 155
168 156
169 156
157 156
170 157
158 157
171 158
129 158
172 129
173 130
159 130
160 159
174 160
161 160
175 161
162 161
176 162
163 162
177 163
164 163
150 164
178 165
166 165
178 166
152 166
167 152
152 167
179 167
155 167
179 155
168 155
169 168
180 169
170 169
181 170
171 170
182 171
172 171
183 172
173 172
184 173
159 173
174 159
185 174
175 174
186 175
176 175
187 176
177 176
188 177
164 177
189 164
190 150
191 178
192 178
152 178
192 152
193 152
179 152
194 179
168 179
180 168
195 180
181 180
195 181
182 181
196 182
183 182
197 183
184 183
198 184
159 184
199 159
185 159
199 185
186 185
200 186
187 186
201 187
188 187
201 188
189 188
190 189
202 190
203 191
192 191
204 192
205 192
193 192
194 193
206 194
168 194
206 168
207 168
195 168
208 195
196 195
209 196
197 196
210 197
198 197
211 198
199 198
212 199
200 199
212 200
201 200
213 201
214 201
189 201
214 189
202 189
215 202
216 203
204 203
216 204
205 204
217 205
193 205
218 193
206 193
219 206
168 206
207 206
168 207
220 195
220 208
209 208
221 209
210 209
222 210
211 210
223 211
199 211
223 199
224 212
225 212
213 212
226 213
214 213
226 214
227 214
215 214
227 215
228 216
217 216
229 217
218 217
230 218
219 218
231 219
168 219
232 168
233 168
220 168
234 220
235 220
221 220
236 221
222 221
237 222
223 222
238 223
239 223
224 223
239 224
225 224
226 225
240 226
241 226
227 226
241 227
242 227
216 228
243 216
229 216
243 229
230 229
231 230
244 231
232 231
245 232
233 232
246 233
168 233
247 168
234 168
247 234
235 234
248 235
236 235
249 236
237 236
238 237
250 238
239 238
251 239
225 239
252 225
240 225
253 240
241 240
253 241
242 241
254 242
255 228
243 228
256 243
257 243
230 243
258 230
244 230
259 244
245 244
246 245
260 246
247 246
261 247
262 247
248 247
249 248
263 249
237 249
264 237
250 237
251 250
265 251
266 251
252 251
253 252
267 253
241 253
268 241
254 241
268 254
256 255
257 256
258 257
259 258
245 259
260 245
261 260
262 261
248 262
263 248
264 263
250 264
265 250
266 265
252 266
267 252
268 267
5 4 0 2 5 3 1 2 0 5 1 5 2 5 2 0 4 0 5 1 4 1 2 4 3 4 2 1 5 2 4 5 4 3 2 4 3 4 2 4 3 2 0 1 5 3 0 5 0 5 0 1 3 3 0 3 4 2 5 3 2 5 3 1 0 3 5 2 5 0 4 2 1 2 5 1 0 2 4 4 4 2 5 4 5 1 0 3 0 3 2 4 0 1 2 5 3 1 2 3 4 1 5 3 5 0 0 1 2 4 3 0 1 0 1 2 3 1 4 5 1 2 5 0 4 5 0 2 4 5 0 4 2 1 0 4 1 2 5 4 2 3 1 2 2 1 3 0 5 3 2 3 0 3 2 0 5 3 1 1 0 2 5 3 1 4 5 1 2 3 4 3 1 3 2 4 1 2 3 3 5 0 2 3 4 4 2 0 5 2 4 1 5 3 4 1 3 0 5 0 4 1 0 3 0 2 0 5 2 1 5 1 3 5 3 4 5 0 1 5 0 4 1 4 5 0 4 0 1 4 3 0 5 3 1 2 0 3 1 2 2 5 4 0 5 1 2 0 1 5 0 3 2 0 2 4 3 4 1 0 5 2 5 0 1 1 0 3 1