266 582
19 0
1 0
20 1
2 1
21 2
3 2
22 3
4 3
5 4
4 5
6 5
23 6
7 6
24 7
8 7
25 8
9 8
26 9
10 9
11 10
27 11
12 11
28 12
13 12
28 13
14 13
28 14
15 14
16 15
29 16
17 16
29 17
18 17
30 18
31 19
20 19
32 20
21 20
33 21
22 21
34 22
4 22
35 4
36 4
23 4
37 23
24 23
25 24
26 25
25 26
10 26
38 10
27 10
39 27
28 27
40 28
15 28
41 29
42 29
30 29
32 31
43 32
33 32
44 33
34 33
45 34
35 34
45 35
36 35
46 36
37 36
47 37
24 37
48 24
49 25
38 25
50 38
39 38
40 39
28 40
51 28
52 16
41 16
53 41
42 41
54 42
30 42
55 31
43 31
44 43
56 44
45 44
57 45
58 45
46 45
59 46
47 46
60 47
48 47
61 48
49 48
62 49
63 49
50 49
64 50
39 50
64 39
65 40
66 40
51 40
67 51
15 51
52 15
68 52
53 52
69 53
54 53
30 54
70 30
71 55
43 55
72 43
56 43
72 56
57 56
73 57
58 57
74 58
59 58
74 59
60 59
75 60
61 60
75 61
62 61
75 62
63 62
64 63
63 64
76 64
65 64
77 65
66 65
77 66
67 66
78 67
15 67
78 15
68 15
79 68
69 68
79 69
54 69
80 54
70 54
81 70
82 71
72 71
83 72
73 72
84 73
74 73
85 74
86 74
75 74
86 75
87 75
88 75
63 75
89 63
76 63
89 76
77 76
90 77
91 77
78 77
92 78
93 78
79 78
80 79
81 80
94 81
95 82
83 82
72 83
96 72
84 72
97 84
85 84
98 85
86 85
99 86
100 86
87 86
101 87
88 87
102 88
89 88
103 89
104 89
90 89
91 90
92 91
79 92
93 92
79 93
105 79
106 80
94 80
107 95
83 95
108 83
96 83
109 96
97 96
110 97
98 97
111 98
99 98
112 99
100 99
113 100
101 100
114 101
102 101
115 102
103 102
116 103
104 103
117 104
89 104
118 91
79 91
119 79
120 105
106 105
94 106
121 94
122 107
108 107
122 108
109 108
123 109
110 109
124 110
111 110
125 111
112 111
126 112
113 112
126 113
114 113
127 114
115 114
116 115
128 116
117 116
128 117
89 117
129 89
129 90
118 90
130 118
119 118
130 119
131 119
132 119
120 119
133 120
106 120
134 106
121 106
134 121
135 122
136 122
123 122
137 123
124 123
138 124
125 124
126 125
139 126
127 126
140 127
115 127
128 115
141 128
142 128
129 128
143 129
130 129
143 130
144 130
131 130
144 131
132 131
133 132
132 133
134 133
145 134
146 134
147 135
136 135
148 136
137 136
149 137
138 137
149 138
125 138
150 125
139 125
151 139
152 139
140 139
153 140
115 140
141 115
142 141
141 142
143 142
154 143
155 143
144 143
156 144
132 144
157 132
145 132
158 145
146 145
159 147
148 147
160 148
149 148
161 149
150 149
162 150
151 150
163 151
152 151
153 152
141 153
164 141
165 141
166 141
154 141
143 154
167 143
168 155
156 155
169 156
170 156
157 156
171 157
158 157
146 158
158 146
160 159
172 160
161 160
173 161
149 161
174 149
162 149
163 162
175 163
153 163
176 153
164 153
176 164
165 164
176 165
166 165
177 166
154 166
178 154
167 154
179 167
168 167
169 168
180 169
170 169
157 170
181 157
158 171
182 158
183 159
172 159
184 172
173 172
185 173
174 173
186 174
162 174
187 162
175 162
188 175
153 175
189 153
190 176
191 176
177 176
192 177
178 177
193 178
179 178
194 179
168 179
195 168
180 168
195 180
170 180
196 170
181 170
197 181
158 181
198 158
199 183
184 183
200 184
185 184
186 185
201 186
187 186
188 187
189 188
202 189
176 189
203 176
204 190
191 190
205 191
192 191
206 192
193 192
207 193
194 193
208 194
195 194
209 195
210 195
196 195
211 196
197 196
198 197
158 198
212 199
200 199
213 200
185 200
213 185
201 185
214 201
187 201
215 187
216 188
202 188
217 202
203 202
218 203
204 203
219 204
205 204
220 205
206 205
221 206
207 206
222 207
208 207
209 208
210 209
211 210
223 211
198 211
224 198
225 198
226 158
227 182
228 212
213 212
229 213
214 213
230 214
215 214
231 215
216 215
232 216
217 216
218 217
219 218
218 219
220 219
233 220
221 220
234 221
222 221
235 222
209 222
236 209
224 210
223 210
224 223
225 224
237 225
226 225
238 226
227 226
239 228
229 228
240 229
213 229
230 213
232 230
231 230
232 231
218 232
241 218
242 218
233 218
243 233
234 233
243 234
235 234
244 235
236 235
245 236
209 236
224 209
246 224
247 224
248 224
237 224
249 237
238 237
249 238
227 238
250 227
251 239
240 239
252 240
213 240
253 213
232 213
254 232
241 232
255 241
256 241
242 241
257 242
243 242
258 243
244 243
259 244
245 244
260 245
209 245
260 209
246 209
261 246
247 246
262 247
248 247
249 248
263 249
264 249
250 249
265 250
252 251
253 252
232 253
255 254
256 255
257 256
258 257
243 258
259 243
260 259
261 260
262 261
248 262
263 248
264 263
265 264
4 3 0 4 5 0 5 2 0 2 4 2 1 2 0 2 3 5 0 2 0 1 2 1 5 4 3 1 4 0 3 3 5 0 5 2 0 3 1 2 5 2 5 1 5 3 5 2 1 2 0 3 4 5 1 0 2 0 4 1 0 2 3 0 4 0 1 4 3 0 0 4 0 2 3 1 2 5 0 5 2 3 0 5 3 5 2 4 3 5 4 3 1 3 5 4 3 4 2 1 4 0 4 2 1 3 0 1 0 2 5 1 0 5 4 1 5 0 0 4 5 4 4 0 1 5 1 5 4 3 2 3 1 0 3 0 2 1 2 3 2 5 2 5 4 2 1 5 4 3 0 4 5 0 4 4 1 3 5 3 5 4 4 3 2 3 0 0 5 3 5 1 0 2 5 1 5 3 2 1 0 0 3 4 1 5 3 5 4 3 0 3 0 3 5 4 0 1 0 0 2 0 2 0 1 5 2 4 2 0 1 3 1 0 2 3 5 4 3 5 3 4 3 4 3 5 4 1 5 3 5 2 4 4 2 1 3 2 3 0 4 0 4 0 3 5 2 0 4 5 2 1 2 5 2 5 1 5 4 2 4 5 3 1 2 1