268 594
19 0
1 0
20 1
21 1
2 1
21 2
3 2
4 3
22 4
5 4
23 5
6 5
24 6
7 6
25 7
8 7
9 8
26 9
10 9
27 10
11 10
28 11
12 11
29 12
13 12
30 13
14 13
31 14
15 14
32 15
16 15
33 16
17 16
34 17
18 17
35 18
36 19
20 19
21 20
37 21
38 21
3 21
22 3
23 22
39 23
24 23
40 24
25 24
41 25
8 25
42 8
26 8
43 26
27 26
44 27
28 27
45 28
29 28
46 29
30 29
47 30
31 30
48 31
32 31
49 32
33 32
34 33
35 34
50 35
51 36
20 36
37 20
52 37
38 37
22 38
53 22
54 22
39 22
40 39
41 40
42 41
41 42
43 42
41 43
44 43
41 44
45 44
41 45
46 45
55 46
47 46
55 47
48 47
55 48
49 48
33 49
49 33
56 34
50 34
57 50
58 51
20 51
59 20
52 20
38 52
60 38
53 38
60 53
54 53
61 54
40 54
62 40
62 41
63 41
64 41
65 41
55 41
65 55
49 55
66 49
67 49
56 49
57 56
68 57
69 58
59 58
69 59
52 59
70 52
60 52
71 60
72 60
61 60
72 61
62 61
73 62
74 62
75 62
63 62
75 63
64 63
41 64
76 65
66 65
77 66
67 66
78 67
56 67
79 56
68 56
80 68
81 69
82 69
70 69
83 70
71 70
84 71
72 71
85 72
73 72
86 73
74 73
87 74
75 74
88 75
64 75
89 64
76 64
90 76
91 76
65 76
92 65
77 65
93 77
78 77
93 78
79 78
94 79
80 79
95 81
82 81
96 82
83 82
97 83
84 83
98 84
72 84
99 72
86 85
87 86
86 87
88 87
100 88
75 88
101 75
89 75
101 89
64 89
102 64
90 64
91 90
103 91
92 91
104 92
65 92
105 65
93 65
106 93
107 93
94 93
107 94
80 94
108 80
109 95
96 95
97 96
98 97
110 98
99 98
111 99
86 99
111 86
112 86
113 86
100 86
114 100
101 100
114 101
102 101
115 102
90 102
116 90
103 90
116 103
104 103
116 104
105 104
117 105
106 105
118 106
107 106
118 107
108 107
119 108
96 109
110 97
111 110
120 111
121 111
112 111
122 112
113 112
123 113
114 113
124 114
125 114
101 114
126 101
115 101
127 115
116 115
128 116
129 116
117 116
130 117
118 117
131 118
132 118
119 118
133 119
134 96
135 96
110 96
136 110
137 110
120 110
137 120
121 120
138 121
122 121
139 122
123 122
139 123
124 123
140 124
125 124
141 125
126 125
141 126
127 126
128 127
142 128
129 128
142 129
130 129
143 130
131 130
144 131
132 131
144 132
118 132
145 118
133 118
146 133
135 134
134 135
136 135
147 136
137 136
148 137
138 137
139 138
149 139
150 139
140 139
151 140
141 140
152 141
153 141
127 141
154 127
142 127
155 142
156 142
143 142
157 143
144 143
158 144
159 144
145 144
146 145
145 146
160 134
161 134
147 134
148 147
162 148
137 148
162 137
163 138
149 138
164 149
150 149
165 150
151 150
166 151
152 151
167 152
153 152
168 153
154 153
169 154
155 154
170 155
142 155
171 156
157 156
172 157
158 157
173 158
159 158
145 159
174 145
175 160
161 160
176 161
147 161
162 147
177 162
163 162
178 163
164 163
165 164
179 165
166 165
180 166
167 166
181 167
168 167
181 168
169 168
182 169
170 169
183 170
142 170
184 142
171 142
185 171
172 171
185 172
173 172
186 173
159 173
187 159
174 159
188 174
189 175
176 175
190 176
147 176
191 147
177 147
178 177
192 178
164 178
193 164
179 164
180 179
194 180
181 180
194 181
182 181
195 182
183 182
195 183
184 183
196 184
185 184
197 185
198 185
186 185
198 186
187 186
198 187
188 187
199 188
200 188
201 189
190 189
202 190
191 190
203 191
177 191
204 177
192 177
193 192
205 193
179 193
194 179
206 194
207 194
195 194
208 195
196 195
209 196
197 196
210 197
198 197
211 198
212 198
199 198
213 199
200 199
214 200
215 201
202 201
216 202
203 202
204 203
217 204
218 204
192 204
205 192
179 205
205 179
206 179
205 206
207 206
219 207
195 207
219 195
220 208
209 208
220 209
210 209
221 210
211 210
222 211
198 211
222 198
223 212
213 212
224 213
214 213
224 214
216 215
225 216
203 216
226 203
217 203
227 217
218 217
192 218
228 192
229 205
230 205
231 205
207 205
232 207
233 219
234 219
220 219
235 220
221 220
236 221
222 221
237 222
223 222
238 223
224 223
239 224
240 224
241 215
225 215
242 225
226 225
243 226
227 226
244 227
218 227
228 218
245 228
229 228
246 229
230 229
231 230
232 231
233 232
247 233
234 233
247 234
235 234
248 235
220 235
249 220
236 220
249 236
237 236
222 237
250 222
238 222
251 238
239 238
252 239
240 239
253 241
242 241
254 242
243 242
255 243
244 243
256 244
218 244
256 218
245 218
257 245
246 245
258 246
230 246
259 230
232 230
260 232
247 232
261 247
248 247
249 248
262 249
263 249
237 249
264 237
250 237
265 250
251 250
266 251
252 251
267 252
240 252
254 253
255 254
256 255
257 256
258 257
259 258
260 259
232 260
261 232
247 261
262 248
263 262
264 263
265 264
266 265
267 266
240 267
4 5 0 4 3 5 3 2 5 3 0 3 5 1 2 5 3 1 5 1 3 1 1 0 5 3 0 3 5 1 2 5 2 1 0 3 2 0 3 2 1 0 3 4 5 2 0 1 0 5 2 1 5 5 0 4 1 0 2 0 1 4 5 1 3 1 4 0 4 3 2 3 0 1 4 0 5 2 5 2 0 2 1 5 1 2 4 0 4 2 1 0 4 3 5 1 0 3 0 1 3 1 0 2 3 2 4 1 3 4 5 0 1 0 5 3 4 1 3 2 1 4 3 5 4 3 0 4 0 2 4 5 0 5 2 5 3 4 3 1 0 2 5 2 3 0 3 0 2 4 5 1 5 1 2 3 4 3 4 1 0 3 3 0 2 4 0 4 2 3 0 3 5 3 5 4 1 5 4 1 4 5 2 5 3 1 0 3 2 1 5 3 2 0 2 1 2 5 4 3 5 2 0 5 1 4 5 3 2 4 1 2 0 5 0 1 2 4 0 5 1 2 1 3 2 3 0 3 5 0 1 2 0 1 0 2 4 3 4 3 5 2 0 4 2 2 4 5 4 5 5 2 0 3 2 3 4 0 3 5 2 1 3 2 0 1 5 2