492 1044
1 0
0 1
2 1
23 2
24 2
3 2
25 3
4 3
26 4
5 4
26 5
6 5
27 6
28 6
7 6
29 7
8 7
30 8
9 8
31 9
10 9
32 10
11 10
33 11
12 11
33 12
13 12
14 13
34 14
15 14
16 15
35 16
17 16
36 17
18 17
37 18
19 18
38 19
20 19
38 20
21 20
39 21
22 21
40 22
41 0
42 0
23 0
43 23
24 23
44 24
25 24
26 25
45 26
27 26
28 27
29 28
46 29
30 29
47 30
31 30
48 31
32 31
49 32
33 32
50 33
13 33
51 13
34 13
52 34
15 34
53 15
35 15
54 35
36 35
55 36
37 36
38 37
56 38
57 38
39 38
40 39
58 40
59 41
42 41
60 42
43 42
61 43
44 43
62 44
25 44
63 25
45 25
64 45
28 45
65 28
66 28
46 28
67 46
47 46
68 47
48 47
69 48
49 48
70 49
33 49
71 33
72 50
51 50
73 51
52 51
74 52
53 52
75 53
54 53
76 54
55 54
76 55
37 55
76 37
56 37
76 56
57 56
77 57
39 57
78 39
58 39
79 58
80 59
60 59
81 60
61 60
81 61
62 61
82 62
63 62
83 63
64 63
84 64
65 64
66 65
85 66
67 66
86 67
68 67
87 68
69 68
88 69
70 69
89 70
71 70
90 71
72 71
91 72
73 72
91 73
74 73
92 74
75 74
93 75
76 75
94 76
95 76
96 76
77 76
97 77
78 77
98 78
79 78
99 79
100 80
81 80
101 81
102 81
82 81
83 82
103 83
64 83
104 84
65 84
105 65
85 65
106 85
86 85
107 86
87 86
108 87
88 87
109 88
89 88
110 89
90 89
111 90
91 90
112 91
92 91
113 92
93 92
114 93
94 93
115 94
95 94
76 95
116 96
97 96
117 97
98 97
118 98
99 98
119 99
120 100
101 100
102 101
121 102
82 102
122 82
103 82
123 103
64 103
124 64
104 64
105 104
104 105
106 105
125 106
107 106
125 107
108 107
126 108
109 108
126 109
110 109
127 110
111 110
128 111
112 111
91 112
129 91
113 91
130 113
114 113
115 114
131 115
95 115
132 95
133 76
116 76
134 116
117 116
118 117
135 118
119 118
136 119
101 120
137 101
121 101
138 121
122 121
123 122
139 123
124 123
140 124
104 124
141 104
142 104
125 104
143 125
144 125
126 125
144 126
145 126
127 126
146 127
128 127
146 128
112 128
129 112
130 129
147 130
114 130
148 114
131 114
132 131
131 132
133 132
149 133
134 133
150 134
117 134
151 117
135 117
152 135
136 135
153 136
154 120
137 120
155 137
138 137
122 138
156 122
139 122
157 139
140 139
158 140
141 140
142 141
143 142
159 143
144 143
160 144
145 144
161 145
146 145
161 146
162 146
129 146
163 129
164 129
147 129
165 147
148 147
166 148
131 148
167 131
168 131
149 131
169 149
150 149
169 150
151 150
170 151
152 151
171 152
153 152
172 153
173 154
155 154
173 155
138 155
174 138
156 138
175 156
157 156
176 157
158 157
177 158
142 158
178 142
179 142
159 142
180 159
144 159
181 144
182 160
161 160
183 161
184 161
162 161
185 162
163 162
186 163
164 163
186 164
165 164
166 165
187 166
167 166
188 167
168 167
189 168
169 168
190 169
170 169
191 170
171 170
192 171
172 171
193 172
194 173
195 173
174 173
196 174
175 174
197 175
176 175
198 176
177 176
199 177
178 177
200 178
179 178
180 179
179 180
181 180
201 181
182 181
202 182
183 182
203 183
184 183
204 184
185 184
205 185
186 185
206 186
165 186
207 165
187 165
207 187
188 187
208 188
189 188
209 189
190 189
210 190
211 190
191 190
212 191
192 191
213 192
193 192
213 193
214 194
195 194
196 195
215 196
197 196
216 197
198 197
217 198
199 198
218 199
200 199
219 200
179 200
220 179
221 179
201 179
202 201
222 202
203 202
223 203
204 203
205 204
224 205
206 205
225 206
186 206
226 186
207 186
227 207
228 207
208 207
229 208
209 208
230 209
210 209
230 210
211 210
231 211
212 211
232 212
213 212
233 213
234 213
235 214
195 214
215 195
236 215
216 215
237 216
217 216
238 217
218 217
238 218
219 218
238 219
220 219
239 220
221 220
240 221
201 221
241 201
222 201
242 222
223 222
204 223
243 204
224 204
244 224
225 224
245 225
226 225
246 226
227 226
247 227
228 227
248 228
229 228
249 229
230 229
250 230
231 230
251 231
232 231
252 232
233 232
253 233
234 233
254 234
255 235
195 235
256 195
236 195
237 236
257 237
238 237
258 238
259 238
260 238
239 238
261 239
240 239
241 240
262 241
242 241
223 242
263 223
243 223
264 243
244 243
265 244
245 244
266 245
246 245
267 246
247 246
268 247
248 247
269 248
249 248
270 249
230 249
271 250
251 250
271 251
252 251
272 252
253 252
273 253
254 253
274 254
275 255
256 255
276 256
236 256
277 236
257 236
278 257
258 257
279 258
259 258
280 259
260 259
281 260
261 260
282 261
240 261
283 240
262 240
284 262
242 262
285 242
263 242
286 263
264 263
287 264
265 264
288 265
266 265
289 266
267 266
290 267
268 267
291 268
269 268
292 269
270 269
293 270
230 270
294 230
271 230
295 271
272 271
296 272
273 272
297 273
274 273
298 274
299 275
276 275
277 276
300 277
278 277
301 278
279 278
280 279
281 280
282 281
281 282
283 282
302 283
284 283
285 284
303 285
286 285
304 286
287 286
305 287
288 287
306 288
289 288
306 289
290 289
307 290
291 290
308 291
292 291
309 292
293 292
310 293
294 293
311 294
295 294
311 295
296 295
312 296
297 296
313 297
298 297
314 298
315 299
276 299
316 276
300 276
317 300
301 300
318 301
279 301
319 279
281 279
320 281
321 281
322 281
302 281
322 302
284 302
322 284
303 284
323 303
304 303
324 304
305 304
325 305
306 305
326 306
307 306
306 307
308 307
327 308
309 308
328 309
310 309
329 310
311 310
330 311
295 311
331 295
312 295
332 312
313 312
333 313
314 313
333 314
334 315
316 315
335 316
317 316
336 317
318 317
337 318
319 318
338 319
320 319
339 320
321 320
340 321
322 321
341 322
342 322
343 322
323 322
344 323
324 323
345 324
325 324
346 325
326 325
347 326
306 326
348 306
349 306
327 306
350 327
328 327
329 328
330 329
351 330
352 330
331 330
353 331
332 331
354 332
333 332
355 333
356 333
357 334
335 334
358 335
336 335
359 336
337 336
360 337
338 337
361 338
339 338
361 339
340 339
362 340
341 340
363 341
342 341
364 342
343 342
344 343
365 344
345 344
366 345
346 345
367 346
347 346
368 347
348 347
369 348
349 348
370 349
350 349
371 350
328 350
351 329
352 351
372 352
353 352
373 353
354 353
374 354
355 354
375 355
356 355
375 356
358 357
376 358
359 358
377 359
360 359
378 360
361 360
379 361
380 361
362 361
381 362
363 362
382 363
364 363
382 364
343 364
383 343
365 343
384 365
366 365
385 366
367 366
386 367
368 367
387 368
369 368
388 369
370 369
389 370
371 370
390 371
328 371
391 328
351 328
392 351
372 351
393 372
373 372
374 373
394 374
375 374
395 375
396 375
376 357
397 376
377 376
397 377
378 377
398 378
379 378
399 379
380 379
400 380
381 380
401 381
382 381
402 382
403 382
383 382
404 383
384 383
405 384
385 384
406 385
386 385
407 386
387 386
408 387
388 387
409 388
389 388
410 389
390 389
411 390
391 390
412 391
351 391
413 351
414 392
393 392
415 393
373 393
415 373
394 373
416 394
395 394
417 395
396 395
418 396
419 357
397 357
420 397
398 397
421 398
399 398
422 399
400 399
423 400
401 400
424 401
402 401
403 402
425 403
404 403
426 404
405 404
426 405
406 405
426 406
407 406
426 407
408 407
427 408
409 408
428 409
410 409
411 410
429 411
412 411
430 412
413 412
431 413
414 413
432 414
415 414
433 415
416 415
417 416
434 417
418 417
435 418
436 419
420 419
437 420
438 420
421 420
422 421
439 422
423 422
440 423
424 423
441 424
402 424
442 402
425 402
442 425
426 425
442 426
443 426
444 426
427 426
445 427
428 427
446 428
410 428
447 410
429 410
448 429
430 429
449 430
431 430
432 431
450 432
415 432
451 415
452 433
416 433
452 416
434 416
453 434
435 434
454 435
455 436
437 436
456 437
438 437
457 438
421 438
458 421
439 421
459 439
440 439
460 440
441 440
461 441
442 441
461 442
462 442
463 442
464 442
443 442
444 443
445 444
465 445
446 445
466 446
447 446
467 447
448 447
449 448
468 449
431 449
469 431
450 431
470 450
451 450
471 451
452 451
472 452
473 452
453 452
454 453
474 454
475 455
456 455
457 456
476 457
458 457
477 458
459 458
478 459
460 459
479 460
461 460
480 461
462 461
481 462
463 462
482 463
464 463
482 464
443 464
482 443
483 444
465 444
484 465
466 465
485 466
467 466
486 467
448 467
487 448
468 448
488 468
469 468
489 469
470 469
489 470
471 470
490 471
472 471
490 472
473 472
453 473
473 453
474 453
491 474
456 475
476 456
477 476
478 477
479 478
461 479
481 480
482 481
483 482
484 483
485 484
486 485
487 486
488 487
489 488
490 489
473 490
491 473
7 2 5 6 5 0 8 7 6 3 7 3 2 7 5 4 7 8 4 1 2 8 0 1 3 2 6 5 4 5 7 0 5 1 8 5 2 3 8 6 7 6 2 4 0 1 8 4 8 0 3 1 0 1 3 6 0 5 2 4 7 6 2 8 5 0 3 2 5 1 2 4 1 3 5 0 8 4 8 6 0 3 4 3 6 1 4 6 2 1 2 4 0 5 0 7 6 0 2 1 8 5 2 7 2 5 7 3 8 1 7 1 0 7 8 5 4 6 3 7 3 3 6 5 3 4 6 2 8 5 6 4 0 5 2 2 6 4 5 0 1 7 1 2 5 1 6 4 6 6 3 1 5 2 7 8 0 8 3 7 3 0 7 2 8 7 4 3 8 2 5 6 1 4 2 7 2 5 7 2 0 2 7 2 5 1 0 2 1 3 5 4 8 7 2 7 1 8 7 2 1 6 2 4 2 6 2 4 0 8 3 4 7 4 4 6 2 8 3 6 5 7 4 6 8 7 1 0 5 1 5 6 0 6 8 0 5 8 5 6 4 7 0 5 6 1 5 3 1 3 1 0 2 5 0 7 4 3 2 0 7 0 2 1 3 4 3 8 6 3 6 2 0 3 6 3 5 3 4 3 1 2 7 8 6 4 3 2 6 2 7 2 6 5 3 8 7 8 2 4 1 0 1 3 8 0 1 6 8 1 4 1 4 1 5 0 1 8 2 8 0 6 7 5 6 7 8 2 5 1 2 1 8 4 5 7 0 4 0 3 7 6 4 3 0 3 0 5 3 7 1 4 1 5 1 2 7 3 8 1 0 5 2 1 0 7 0 1 2 7 4 2 7 3 5 4 6 5 6 0 7 8 2 4 5 1 3 8 5 3 7 6 5 0 2 6 3 0 7 8 5 4 1 4 5 2 4 0 7 6 7 8 3 7 4 1 5 4 6 6 8 1 2 0 2 0 6 0 4 4 1 3 0 0 2 5 3 4 2 7 5 6 3 4 0 3 2 3 8 7 1 5 4 5 2 7 8 7 6 4 3 2 7 4 0 5 8 1 4 8 2 0 2 6 4 6 6 5 1 6 0 6 7 1 4 1 6 5 0 7 8 1