515 1078
1 0
20 1
2 1
21 2
3 2
22 3
23 3
24 3
4 3
25 4
5 4
26 5
6 5
27 6
7 6
28 7
8 7
28 8
9 8
29 9
10 9
30 10
11 10
31 11
12 11
32 12
13 12
33 13
14 13
34 14
15 14
35 15
16 15
36 16
17 16
37 17
18 17
38 18
39 18
19 18
40 19
41 0
20 0
41 20
21 20
42 21
22 21
43 22
23 22
43 23
24 23
44 24
25 24
44 25
26 25
45 26
6 26
46 6
47 27
28 27
48 28
29 28
49 29
30 29
50 30
31 30
51 31
32 31
33 32
52 33
34 33
53 34
35 34
16 35
54 16
55 36
37 36
56 37
38 37
57 38
39 38
58 39
40 39
59 40
60 41
61 41
42 41
62 42
43 42
63 43
64 43
44 43
65 44
66 44
45 44
67 45
46 45
67 46
47 46
68 47
28 47
68 28
69 48
49 48
70 49
50 49
71 50
51 50
72 51
32 51
73 32
52 32
74 52
53 52
75 53
35 53
76 35
54 35
76 54
55 54
77 55
56 55
78 56
57 56
78 57
58 57
78 58
59 58
79 59
80 60
61 60
81 61
62 61
82 62
63 62
83 63
64 63
84 64
65 64
85 65
66 65
86 66
67 66
86 67
87 67
68 67
88 68
89 68
69 68
90 69
70 69
91 70
71 70
92 71
72 71
93 72
73 72
94 73
74 73
94 74
75 74
95 75
76 75
96 76
97 76
77 76
98 77
78 77
99 78
100 78
101 78
79 78
102 79
103 80
81 80
104 81
82 81
105 82
83 82
105 83
84 83
106 84
85 84
107 85
86 85
108 86
109 86
87 86
110 87
88 87
111 88
89 88
112 89
90 89
113 90
91 90
114 91
92 91
115 92
93 92
94 93
93 94
116 94
95 94
96 95
117 96
97 96
98 97
118 98
99 98
119 99
100 99
120 100
101 100
121 101
102 101
122 102
123 103
104 103
105 104
104 105
124 105
106 105
125 106
107 106
126 107
108 107
127 108
109 108
128 109
110 109
129 110
111 110
129 111
112 111
113 112
130 113
114 113
131 114
115 114
132 115
93 115
133 93
116 93
134 116
95 116
117 95
135 117
97 117
136 97
118 97
137 118
119 118
138 119
120 119
139 120
121 120
140 121
122 121
141 122
104 123
142 104
143 104
124 104
125 124
144 125
126 125
145 126
127 126
146 127
128 127
147 128
129 128
147 129
148 129
112 129
149 112
130 112
150 130
131 130
151 131
132 131
152 132
133 132
153 133
93 133
154 93
134 93
95 134
155 95
135 95
156 135
136 135
157 136
137 136
158 137
138 137
159 138
139 138
160 139
140 139
161 140
141 140
162 141
163 123
142 123
164 142
143 142
165 143
124 143
166 124
144 124
166 144
145 144
167 145
146 145
168 146
147 146
169 147
170 147
148 147
171 148
149 148
172 149
150 149
172 150
151 150
173 151
152 151
174 152
153 152
175 153
154 153
176 154
134 154
177 134
155 134
177 155
156 155
178 156
157 156
179 157
158 157
159 158
160 159
180 160
161 160
180 161
162 161
181 162
182 163
164 163
183 164
165 164
184 165
166 165
185 166
186 166
167 166
187 167
168 167
188 168
169 168
189 169
170 169
190 170
171 170
191 171
172 171
192 172
193 172
173 172
194 173
174 173
195 174
175 174
196 175
176 175
197 176
177 176
197 177
198 177
178 177
179 178
199 179
158 179
200 158
201 159
180 159
202 180
203 180
181 180
204 181
205 182
183 182
184 183
206 184
185 184
186 185
207 186
187 186
208 187
188 187
209 188
189 188
190 189
210 190
191 190
211 191
192 191
212 192
193 192
213 193
194 193
214 194
195 194
196 195
215 196
197 196
215 197
216 197
198 197
217 198
178 198
218 178
199 178
219 199
200 199
220 200
201 200
221 201
202 201
222 202
203 202
223 203
204 203
224 204
225 205
183 205
225 183
206 183
226 206
185 206
227 185
207 185
228 207
208 207
229 208
209 208
230 209
189 209
231 189
210 189
232 210
211 210
232 211
212 211
233 212
213 212
234 213
214 213
235 214
195 214
236 195
215 195
237 215
238 215
216 215
239 216
217 216
240 217
218 217
241 218
219 218
242 219
220 219
243 220
221 220
244 221
222 221
245 222
223 222
246 223
224 223
247 224
248 225
249 225
226 225
249 226
227 226
250 227
228 227
229 228
251 229
230 229
251 230
231 230
252 231
232 231
253 232
254 232
233 232
255 233
234 233
256 234
235 234
257 235
236 235
258 236
237 236
258 237
238 237
259 238
239 238
260 239
240 239
261 240
241 240
262 241
242 241
263 242
243 242
264 243
244 243
265 244
245 244
266 245
246 245
266 246
247 246
267 247
268 248
249 248
269 249
250 249
228 250
251 228
270 251
271 251
252 251
272 252
253 252
273 253
254 253
274 254
255 254
275 255
256 255
276 256
257 256
277 257
258 257
278 258
279 258
259 258
280 259
260 259
281 260
261 260
282 261
262 261
283 262
263 262
283 263
264 263
265 264
264 265
266 265
284 266
285 266
267 266
286 267
287 268
269 268
288 269
249 269
289 249
290 250
291 228
270 228
292 270
271 270
293 271
272 271
294 272
273 272
295 273
274 273
296 274
275 274
297 275
276 275
298 276
277 276
299 277
278 277
300 278
279 278
301 279
280 279
281 280
302 281
282 281
303 282
283 282
303 283
264 283
304 264
284 264
305 284
285 284
305 285
286 285
306 286
307 287
288 287
308 288
289 288
309 289
290 289
310 290
291 290
292 291
311 292
293 292
312 293
294 293
313 294
295 294
313 295
296 295
314 296
297 296
315 297
298 297
316 298
299 298
317 299
300 299
318 300
301 300
318 301
280 301
319 280
302 280
320 302
303 302
321 303
322 303
283 303
323 283
304 283
324 304
264 304
325 264
305 264
326 305
327 305
306 305
328 306
329 307
308 307
330 308
309 308
331 309
310 309
331 310
291 310
332 291
311 291
333 311
312 311
334 312
313 312
335 313
336 313
314 313
337 314
315 314
338 315
316 315
339 316
317 316
339 317
318 317
340 318
341 318
319 318
342 319
320 319
343 320
321 320
344 321
322 321
345 322
323 322
346 323
324 323
347 324
325 324
348 325
326 325
349 326
327 326
350 327
328 327
351 328
352 329
330 329
353 330
331 330
354 331
355 331
332 331
356 332
333 332
357 333
334 333
358 334
335 334
359 335
336 335
360 336
337 336
361 337
338 337
361 338
339 338
362 339
340 339
363 340
341 340
363 341
342 341
364 342
343 342
365 343
344 343
345 344
366 345
346 345
367 346
347 346
368 347
348 347
368 348
349 348
350 349
369 350
351 350
370 351
371 352
353 352
372 353
354 353
373 354
355 354
374 355
356 355
375 356
357 356
376 357
358 357
377 358
359 358
378 359
360 359
379 360
361 360
380 361
362 361
381 362
339 362
382 339
363 339
383 363
364 363
384 364
365 364
385 365
344 365
386 344
366 344
367 366
387 367
368 367
388 368
389 368
349 368
369 349
370 369
390 370
391 371
372 371
392 372
373 372
392 373
374 373
393 374
375 374
394 375
376 375
395 376
377 376
396 377
378 377
397 378
379 378
397 379
361 379
398 361
399 380
381 380
400 381
382 381
401 382
363 382
402 363
403 383
384 383
403 384
385 384
404 385
386 385
366 386
405 366
387 366
406 387
388 387
406 388
389 388
407 389
349 389
408 349
409 369
390 369
409 390
410 391
392 391
411 392
393 392
412 393
394 393
413 394
395 394
414 395
396 395
415 396
397 396
416 397
398 397
417 398
399 398
418 399
400 399
419 400
401 400
420 401
402 401
421 402
403 402
422 403
423 403
404 403
424 404
386 404
425 386
405 386
406 405
426 406
427 406
407 406
428 407
408 407
429 408
409 408
430 409
431 409
432 410
411 410
432 411
392 411
433 392
412 392
433 412
413 412
434 413
414 413
435 414
415 414
436 415
416 415
437 416
397 416
438 397
417 397
439 417
418 417
440 418
419 418
420 419
441 420
421 420
441 421
422 421
442 422
423 422
443 423
424 423
444 424
425 424
405 425
445 405
426 405
446 426
427 426
447 427
428 427
448 428
429 428
449 429
430 429
450 430
431 430
450 431
451 432
433 432
452 433
434 433
453 434
435 434
454 435
436 435
455 436
437 436
456 437
438 437
457 438
439 438
458 439
440 439
459 440
419 440
460 419
441 419
461 441
462 441
442 441
463 442
443 442
464 443
444 443
465 444
425 444
466 425
445 425
467 445
446 445
467 446
447 446
468 447
448 447
469 448
449 448
470 449
450 449
471 450
472 450
473 432
474 451
433 451
475 433
476 452
453 452
454 453
477 454
455 454
478 455
456 455
479 456
457 456
480 457
458 457
459 458
481 459
460 459
482 460
461 460
483 461
462 461
484 462
463 462
485 463
464 463
486 464
465 464
486 465
466 465
487 466
467 466
488 467
468 467
489 468
469 468
490 469
470 469
490 470
471 470
491 471
472 471
492 472
493 473
474 473
494 474
475 474
495 475
476 475
496 476
453 476
497 453
477 453
498 477
478 477
499 478
479 478
500 479
480 479
501 480
458 480
502 458
481 458
503 481
482 481
503 482
483 482
504 483
484 483
505 484
485 484
506 485
486 485
507 486
508 486
487 486
467 487
509 467
510 488
489 488
511 489
490 489
511 490
512 490
491 490
513 491
492 491
514 492
494 493
495 494
496 495
497 496
498 497
499 498
500 499
501 500
502 501
503 502
504 503
505 504
506 505
507 506
508 507
487 508
509 487
510 509
511 510
512 511
513 512
514 513
3 5 0 2 6 0 5 8 7 0 7 0 1 2 1 2 8 7 0 4 6 1 3 6 3 5 2 3 0 4 8 2 5 6 0 5 4 1 3 7 2 8 5 1 2 5 6 4 6 8 5 3 8 4 6 1 5 1 5 0 6 5 2 0 6 1 3 4 7 0 7 8 5 4 2 7 1 6 4 2 3 8 0 1 2 7 5 7 4 5 4 5 6 2 0 6 8 6 4 5 7 3 5 4 7 4 6 2 3 0 6 7 2 0 4 5 5 0 2 6 1 0 7 5 5 3 1 0 2 4 5 8 3 7 8 4 1 6 8 7 8 4 1 8 4 7 8 3 6 5 4 5 0 5 4 3 6 5 2 1 6 2 0 7 5 3 7 0 3 2 6 2 3 1 6 4 7 6 5 1 8 3 3 8 0 5 3 8 1 3 8 5 2 4 0 4 7 8 4 7 4 6 1 3 1 2 3 7 2 0 7 8 4 0 5 0 7 3 6 5 8 1 5 6 4 3 0 2 1 7 8 5 2 8 6 0 3 1 2 4 0 4 2 0 5 2 8 2 4 5 0 6 3 0 4 6 8 2 0 6 7 3 1 6 5 8 4 3 1 4 2 4 8 6 0 2 4 0 8 1 7 3 5 7 0 1 2 0 1 3 1 5 8 6 2 3 4 1 0 4 3 8 5 4 8 8 6 5 6 1 8 2 1 5 2 0 7 2 7 0 8 7 6 1 0 2 1 7 4 2 7 4 7 3 5 0 8 3 8 6 3 8 5 7 1 2 4 8 7 2 4 1 0 2 1 2 8 2 7 4 7 5 4 2 4 8 3 6 3 6 2 6 1 2 5 3 0 2 6 1 6 0 8 8 5 3 2 0 7 8 1 1 5 6 8 3 6 2 7 8 7 1 7 3 5 5 2 4 1 2 7 4 1 5 6 3 7 6 7 8 6 3 6 1 8 7 0 8 1 7 4 5 3 4 7 8 7 1 5 4 1 2 7 5 4 1 7 5 6 0 6 1 7 0 4 8 0 6 8 0 2 7 0 8 3 0 6 4 0 1 6 7 1 5 2 0 1 7 0 8 0 7 8 6 5 7 2 3 0 3 8 1 8 8 1 7 3 5 4 5 2 1 7 1 2 6 1 7 5 6 1 4 2 8 6