488 1035
22 0
1 0
23 1
2 1
24 2
3 2
25 3
4 3
26 4
27 4
5 4
28 5
6 5
29 6
7 6
30 7
8 7
31 8
9 8
31 9
10 9
32 10
11 10
33 11
34 11
12 11
35 12
13 12
36 13
14 13
37 14
15 14
38 15
16 15
39 16
17 16
40 17
18 17
41 18
19 18
20 19
42 20
21 20
43 21
44 22
23 22
45 23
24 23
45 24
25 24
46 25
26 25
27 26
47 27
28 27
48 28
29 28
49 29
30 29
50 30
31 30
50 31
32 31
33 32
34 33
51 34
35 34
52 35
36 35
53 36
37 36
38 37
54 38
39 38
55 39
40 39
56 40
41 40
57 41
19 41
58 19
42 19
59 42
43 42
60 43
61 44
45 44
62 45
63 45
46 45
64 46
26 46
65 26
47 26
66 47
48 47
67 48
49 48
68 49
50 49
68 50
69 50
31 50
70 31
71 32
72 33
51 33
73 51
52 51
74 52
75 52
53 52
37 53
54 37
76 54
55 54
77 55
56 55
78 56
57 56
79 57
58 57
79 58
59 58
80 59
60 59
81 60
82 61
62 61
83 62
63 62
84 63
64 63
85 64
65 64
86 65
66 65
87 66
67 66
88 67
68 67
89 68
90 68
69 68
91 69
70 69
92 70
71 70
93 71
72 71
94 72
73 72
95 73
74 73
96 74
75 74
53 75
97 53
98 37
76 37
99 76
77 76
100 77
78 77
101 78
79 78
102 79
103 79
80 79
104 80
81 80
105 81
83 82
84 83
106 84
85 84
107 85
86 85
108 86
87 86
109 87
88 87
110 88
89 88
111 89
90 89
112 90
91 90
113 91
92 91
114 92
93 92
115 93
94 93
116 94
95 94
117 95
96 95
118 96
75 96
119 75
97 75
120 97
98 97
121 98
99 98
122 99
100 99
101 100
123 101
102 101
123 102
103 102
124 103
104 103
125 104
105 104
126 83
106 83
126 106
107 106
127 107
108 107
128 108
109 108
129 109
110 109
111 110
130 111
112 111
131 112
113 112
131 113
114 113
132 114
115 114
133 115
116 115
133 116
117 116
134 117
118 117
135 118
119 118
136 119
120 119
137 120
121 120
138 121
122 121
139 122
100 122
140 100
123 100
140 123
141 123
124 123
142 124
125 124
105 125
125 105
143 126
127 126
144 127
128 127
145 128
129 128
110 129
146 110
130 110
147 130
131 130
148 131
149 131
132 131
150 132
133 132
151 133
152 133
134 133
135 134
153 135
136 135
154 136
137 136
138 137
155 138
139 138
140 139
156 140
141 140
157 141
142 141
158 142
125 142
159 125
160 83
143 83
161 143
126 143
162 126
144 126
163 144
145 144
164 145
129 145
165 129
146 129
166 146
147 146
167 147
148 147
167 148
149 148
150 149
168 150
151 150
169 151
152 151
170 152
134 152
171 134
153 134
172 153
154 153
173 154
137 154
174 137
155 137
175 155
139 155
156 139
176 156
157 156
176 157
158 157
125 158
177 125
178 159
179 160
161 160
180 161
162 161
163 162
164 163
181 164
165 164
182 165
166 165
183 166
167 166
184 167
185 167
149 167
186 149
168 149
187 168
169 168
188 169
170 169
189 170
171 170
190 171
172 171
191 172
173 172
192 173
174 173
193 174
175 174
156 175
194 156
195 156
196 176
158 176
196 158
177 158
197 177
178 177
198 179
180 179
199 180
163 180
200 163
181 163
201 181
182 181
183 182
202 183
184 183
203 184
185 184
204 185
186 185
205 186
187 186
206 187
188 187
207 188
189 188
208 189
190 189
209 190
191 190
210 191
192 191
211 192
193 192
212 193
175 193
213 175
194 175
214 194
195 194
215 195
176 195
216 176
217 196
218 196
197 196
219 197
178 197
220 178
221 198
199 198
222 199
163 199
223 163
201 200
224 201
182 201
224 182
202 182
225 202
203 202
226 203
204 203
227 204
205 204
227 205
206 205
228 206
207 206
229 207
208 207
230 208
209 208
231 209
210 209
211 210
212 211
211 212
213 212
211 213
214 213
232 214
215 214
233 215
216 215
234 216
217 216
218 217
235 218
219 218
236 219
220 219
237 220
238 221
222 221
239 222
223 222
200 223
240 200
224 200
241 224
225 224
242 225
226 225
243 226
227 226
244 227
228 227
227 228
229 228
245 229
230 229
246 230
231 230
247 231
211 231
248 211
249 211
250 211
251 211
232 211
252 232
233 232
253 233
234 233
254 234
217 234
255 217
235 217
236 235
237 236
256 237
257 238
239 238
258 239
223 239
259 223
240 223
260 240
241 240
261 241
224 241
242 224
262 242
243 242
263 243
244 243
264 244
227 244
264 227
265 227
245 227
246 245
266 246
247 246
267 247
248 247
268 248
249 248
269 249
250 249
270 250
251 250
271 251
252 251
272 252
253 252
273 253
254 253
274 254
255 254
275 255
236 255
276 236
256 236
277 256
278 257
258 257
279 258
259 258
280 259
260 259
280 260
261 260
281 261
224 261
282 224
262 224
263 262
262 263
264 263
283 264
284 264
265 264
285 265
245 265
285 245
266 245
286 266
267 266
287 267
268 267
288 268
269 268
289 269
270 269
290 270
271 270
291 271
272 271
292 272
273 272
274 273
293 274
275 274
294 275
236 275
295 236
296 276
277 276
297 277
298 278
279 278
298 279
280 279
299 280
300 280
281 280
301 281
282 281
302 282
262 282
303 262
304 262
283 262
305 283
284 283
285 284
306 285
307 285
286 285
308 286
287 286
309 287
288 287
310 288
289 288
290 289
311 290
291 290
312 291
292 291
312 292
273 292
313 273
293 273
314 293
294 293
314 294
295 294
296 295
297 296
315 297
316 298
299 298
317 299
300 299
318 300
301 300
319 301
302 301
320 302
303 302
321 303
304 303
322 304
305 304
322 305
284 305
306 284
323 306
307 306
324 307
308 307
325 308
309 308
326 309
310 309
327 310
289 310
311 289
328 311
312 311
329 312
330 312
313 312
331 313
314 313
332 314
333 314
295 314
334 296
315 296
335 315
336 316
317 316
337 317
318 317
338 318
319 318
339 319
320 319
340 320
321 320
341 321
322 321
342 322
343 322
284 322
323 284
344 323
324 323
345 324
325 324
346 325
326 325
347 326
327 326
348 327
289 327
348 289
328 289
349 328
329 328
350 329
330 329
351 330
331 330
352 331
332 331
353 332
333 332
354 333
295 333
355 295
334 295
356 334
335 334
357 335
358 316
359 336
337 336
360 337
338 337
339 338
361 339
340 339
362 340
341 340
363 341
342 341
364 342
343 342
365 343
284 343
366 284
344 284
367 344
345 344
368 345
346 345
369 346
347 346
370 347
348 347
371 348
349 348
372 349
350 349
373 350
351 350
374 351
352 351
374 352
353 352
375 353
354 353
376 354
355 354
377 355
356 355
378 356
357 356
379 357
380 358
359 358
381 359
360 359
382 360
338 360
361 338
383 361
362 361
384 362
363 362
385 363
364 363
386 364
365 364
387 365
366 365
367 366
368 367
388 368
369 368
370 369
369 370
371 370
389 371
348 371
390 348
372 348
391 372
373 372
392 373
374 373
393 374
394 374
375 374
395 375
376 375
396 376
377 376
396 377
378 377
397 378
379 378
398 380
381 380
398 381
382 381
338 382
383 338
399 383
384 383
400 384
385 384
401 385
386 385
402 386
387 386
403 387
367 387
404 367
405 367
388 367
406 388
369 388
407 369
389 369
408 389
390 389
391 390
409 391
392 391
410 392
393 392
410 393
394 393
411 394
395 394
412 395
396 395
413 396
414 396
397 396
415 397
379 397
416 379
417 398
418 398
382 398
419 382
419 338
399 338
419 399
400 399
420 400
401 400
421 401
402 401
422 402
403 402
404 403
423 404
405 404
424 405
406 405
425 406
369 406
426 369
408 407
427 408
390 408
409 390
428 409
410 409
429 410
411 410
430 411
412 411
431 412
413 412
432 413
414 413
415 414
433 415
416 415
434 416
418 417
435 418
419 418
436 419
437 419
438 419
420 419
439 420
421 420
439 421
422 421
439 422
403 422
440 403
423 403
441 423
424 423
442 424
425 424
426 425
443 426
407 426
444 407
427 407
444 427
390 427
428 390
429 428
445 429
410 429
430 410
431 430
446 431
432 431
447 432
414 432
433 414
448 433
434 433
449 434
450 417
435 417
451 435
436 435
452 436
437 436
453 437
438 437
454 438
439 438
455 439
456 439
440 439
457 440
441 440
458 441
442 441
458 442
425 442
459 425
443 425
459 443
444 443
459 444
460 444
428 444
461 428
462 428
445 428
463 445
430 445
464 430
465 430
446 430
447 446
466 447
414 447
467 414
448 414
468 448
449 448
469 450
451 450
470 451
452 451
471 452
453 452
472 453
454 453
473 454
455 454
474 455
456 455
475 456
476 456
457 456
476 457
458 457
477 458
478 458
459 458
460 459
479 460
461 460
480 461
462 461
481 462
463 462
482 463
464 463
483 464
465 464
484 465
446 465
485 446
466 446
486 466
467 466
468 467
467 468
449 468
487 449
470 469
471 470
472 471
473 472
474 473
475 474
476 475
477 476
478 477
459 478
479 459
480 479
481 480
482 481
483 482
484 483
485 484
486 485
467 486
487 467
2 5 4 5 1 6 1 2 1 3 7 6 4 2 8 6 5 4 1 0 3 0 0 2 5 0 4 5 4 0 6 4 1 0 5 2 5 6 2 6 8 3 1 5 8 0 3 2 3 7 2 7 5 7 5 3 1 6 7 5 4 6 2 4 5 2 5 2 0 7 5 0 2 0 8 4 0 4 2 8 4 0 8 7 0 2 6 1 0 4 2 6 4 5 8 5 2 0 2 5 6 4 7 3 6 4 1 7 3 4 2 0 5 7 0 1 3 7 3 1 2 5 2 0 6 8 0 2 5 1 5 0 3 8 6 5 2 1 2 8 7 3 0 8 5 6 7 0 2 8 1 3 7 2 7 4 4 0 7 1 0 2 3 4 1 8 4 5 0 2 3 7 8 3 2 7 1 3 5 2 6 8 4 1 0 1 5 7 4 7 4 7 8 6 8 7 6 8 8 7 3 7 5 3 8 2 5 1 0 7 3 4 2 8 4 6 2 7 0 4 7 3 8 6 5 0 6 0 4 0 8 3 6 8 0 4 8 3 4 1 4 2 8 7 5 3 6 4 1 3 2 0 4 5 1 5 4 5 3 1 7 6 3 6 2 4 1 6 3 2 3 1 3 7 4 6 5 0 3 1 6 2 6 0 8 6 4 0 1 5 7 6 2 0 1 3 2 7 8 4 2 5 2 0 5 3 4 1 8 3 6 3 4 3 7 0 4 3 8 7 0 4 6 0 6 1 6 8 0 6 5 1 2 8 1 4 7 5 7 0 4 6 7 1 7 0 7 8 4 6 5 8 5 0 3 1 2 8 8 5 3 3 6 4 0 2 3 2 4 8 3 6 2 8 7 3 5 0 8 4 1 8 2 1 5 7 2 4 3 7 8 1 3 2 5 0 2 6 4 6 1 6 5 8 7 8 2 3 1 3 1 6 2 1 0 5 0 8 6 4 8 2 0 2 7 1 4 5 1 8 5 8 4 7 4 7 8 3 8 6 3 7 0 2 8 4 3 7 4 5 2 6 4 6 4 0 1 0 3 0 5 3 8 2 7 4 2 5 3 3 2 6 8 0 2 8 2 1 4 2 0 5 6 4 2 7 0 4