496 1046
1 0
21 1
2 1
22 2
3 2
23 3
4 3
24 4
5 4
25 5
6 5
25 6
7 6
26 7
8 7
27 8
9 8
28 9
10 9
29 10
11 10
30 11
12 11
31 12
13 12
32 13
14 13
32 14
15 14
33 15
34 15
16 15
35 16
17 16
36 17
18 17
37 18
38 18
39 18
19 18
40 19
20 19
41 20
21 0
42 21
22 21
43 22
23 22
44 23
24 23
45 24
25 24
46 25
47 25
26 25
48 26
27 26
49 27
28 27
50 28
29 28
51 29
30 29
52 30
31 30
53 31
32 31
54 32
55 32
33 32
56 33
34 33
57 34
35 34
36 35
58 36
37 36
59 37
38 37
60 38
61 38
39 38
62 39
40 39
63 40
41 40
64 41
65 0
42 0
66 42
43 42
67 43
44 43
68 44
45 44
69 45
46 45
70 46
47 46
71 47
48 47
72 48
49 48
73 49
50 49
51 50
52 51
74 52
53 52
75 53
54 53
55 54
56 55
76 56
57 56
77 57
35 57
77 35
58 35
59 58
78 59
60 59
79 60
61 60
80 61
62 61
81 62
63 62
82 63
64 63
83 64
84 65
66 65
85 66
67 66
86 67
68 67
69 68
87 69
70 69
88 70
71 70
89 71
72 71
90 72
73 72
50 73
91 51
74 51
92 74
75 74
93 75
55 75
94 55
95 55
76 55
96 76
77 76
97 77
98 77
58 77
78 58
79 78
99 79
80 79
100 80
81 80
100 81
82 81
101 82
83 82
102 83
103 84
85 84
104 85
86 85
105 86
68 86
106 68
87 68
107 87
88 87
108 88
89 88
109 89
90 89
110 90
50 90
111 50
112 50
91 50
92 91
113 92
93 92
114 93
94 93
114 94
95 94
115 95
96 95
116 96
97 96
117 97
98 97
118 98
58 98
118 58
119 78
99 78
120 99
100 99
121 100
122 100
101 100
123 101
102 101
124 102
125 103
104 103
126 104
105 104
127 105
106 105
128 106
107 106
129 107
108 107
130 108
109 108
110 109
111 110
131 111
112 111
131 112
91 112
131 91
113 91
132 113
114 113
133 114
134 114
115 114
116 115
117 116
135 117
118 117
136 118
137 118
119 118
138 119
120 119
121 120
139 121
122 121
139 122
123 122
140 123
124 123
141 124
142 125
126 125
143 126
127 126
128 127
127 128
129 128
144 129
130 129
145 130
110 130
145 110
146 110
131 110
147 131
148 131
149 131
132 131
150 132
133 132
151 133
134 133
116 134
152 116
135 116
136 135
153 136
137 136
154 137
138 137
155 138
120 138
156 120
139 120
157 139
158 139
140 139
159 140
141 140
160 141
161 142
143 142
162 143
127 143
163 127
144 127
164 144
145 144
165 145
166 145
146 145
167 146
147 146
168 147
148 147
168 148
149 148
169 149
150 149
170 150
151 150
171 151
134 151
172 134
152 134
116 152
173 116
174 135
153 135
175 153
154 153
176 154
155 154
177 155
156 155
178 156
157 156
179 157
158 157
180 158
159 158
180 159
160 159
181 160
182 161
162 161
183 162
127 162
184 127
185 163
164 163
186 164
165 164
187 165
166 165
188 166
167 166
189 167
168 167
190 168
169 168
191 169
170 169
192 170
171 170
193 171
172 171
194 172
152 172
195 152
173 152
174 173
196 174
175 174
197 175
176 175
198 176
177 176
199 177
178 177
200 178
179 178
200 179
180 179
201 180
202 180
181 180
203 181
204 182
183 182
205 183
184 183
206 184
185 184
206 185
186 185
207 186
187 186
208 187
188 187
209 188
189 188
210 189
168 189
211 168
212 190
191 190
213 191
192 191
214 192
193 192
215 193
194 193
216 194
195 194
217 195
173 195
218 173
196 173
219 196
197 196
198 197
199 198
220 199
200 199
221 200
222 200
201 200
223 201
202 201
223 202
203 202
224 203
225 204
205 204
226 205
206 205
227 206
207 206
228 207
208 207
229 208
209 208
230 209
210 209
231 210
211 210
232 211
212 211
233 212
213 212
234 213
214 213
215 214
235 215
216 215
217 216
236 217
218 217
237 218
219 218
197 219
238 197
239 198
220 198
240 220
221 220
241 221
222 221
242 222
223 222
243 223
244 223
224 223
245 224
246 225
226 225
247 226
206 226
248 206
248 227
228 227
249 228
229 228
250 229
230 229
251 230
231 230
252 231
232 231
253 232
233 232
254 233
234 233
255 234
214 234
256 214
235 214
257 235
216 235
258 216
236 216
259 236
237 236
260 237
219 237
261 219
238 219
262 238
239 238
263 239
240 239
264 240
241 240
264 241
242 241
265 242
243 242
266 243
244 243
267 244
245 244
247 246
268 247
248 247
269 248
249 248
250 249
270 250
251 250
252 251
253 252
271 253
254 253
272 254
255 254
273 255
256 255
274 256
257 256
274 257
258 257
275 258
259 258
276 259
260 259
277 260
261 260
277 261
262 261
278 262
263 262
279 263
264 263
280 264
281 264
265 264
282 265
266 265
283 266
267 266
284 267
245 267
285 245
286 246
268 246
287 268
269 268
288 269
289 269
249 269
290 249
270 249
291 270
252 270
292 252
293 252
271 252
293 271
272 271
273 272
272 273
274 273
294 274
275 274
276 275
295 276
277 276
296 277
297 277
278 277
298 278
279 278
299 279
280 279
300 280
281 280
301 281
282 281
302 282
283 282
284 283
303 284
285 284
304 285
305 286
287 286
305 287
288 287
289 288
290 289
291 290
292 291
306 292
293 292
307 293
308 293
272 293
309 272
274 272
310 274
311 294
275 294
312 275
295 275
313 295
296 295
297 296
314 297
298 297
299 298
315 299
300 299
316 300
301 300
317 301
302 301
317 302
283 302
317 283
303 283
317 303
304 303
318 304
319 305
320 305
288 305
321 288
290 288
322 290
323 291
306 291
324 306
307 306
325 307
308 307
326 308
272 308
327 272
328 309
310 309
329 310
311 310
330 311
312 311
331 312
313 312
332 313
296 313
333 296
314 296
333 314
298 314
315 298
316 315
315 316
317 316
334 317
335 317
336 317
318 317
337 318
338 319
320 319
339 320
321 320
340 321
290 321
341 290
342 322
323 322
324 323
323 324
325 324
323 325
326 325
343 326
327 326
344 327
328 327
344 328
329 328
344 329
330 329
345 330
331 330
345 331
332 331
346 332
333 332
347 333
298 333
348 298
349 315
334 315
350 334
335 334
351 335
336 335
352 336
337 336
353 337
354 338
339 338
355 339
340 339
356 340
341 340
357 341
342 341
358 342
323 342
359 323
343 323
360 343
344 343
360 344
361 344
362 344
345 344
363 345
364 345
346 345
365 346
347 346
366 347
333 347
367 333
348 333
368 348
349 348
369 349
315 349
370 315
350 315
371 350
351 350
372 351
352 351
373 352
336 352
374 336
353 336
375 353
376 354
355 354
377 355
356 355
378 356
357 356
379 357
358 357
380 358
323 358
380 323
381 359
323 359
382 323
360 323
383 360
384 360
361 360
385 361
362 361
386 362
363 362
387 363
364 363
388 364
365 364
389 365
366 365
367 366
390 367
368 367
391 368
369 368
391 369
370 369
371 370
392 371
372 371
393 372
373 372
374 373
375 374
394 375
395 376
377 376
396 377
378 377
397 378
379 378
380 379
398 380
381 380
382 381
399 382
383 382
400 383
384 383
401 384
385 384
402 385
386 385
403 386
387 386
404 387
388 387
405 388
389 388
366 389
389 366
390 366
406 390
391 390
407 391
408 391
370 391
409 370
392 370
410 392
393 392
411 393
373 393
412 373
413 374
394 374
414 394
415 395
396 395
416 396
397 396
379 397
417 379
398 379
418 398
419 398
381 398
420 381
399 381
421 399
400 399
401 400
422 401
402 401
423 402
403 402
423 403
404 403
423 404
405 404
424 405
389 405
425 389
426 389
406 389
407 406
427 407
408 407
428 408
409 408
429 409
410 409
430 410
411 410
431 411
412 411
432 412
413 412
433 413
414 413
434 415
416 415
435 416
397 416
436 397
417 397
436 417
418 417
437 418
419 418
438 419
420 419
439 420
421 420
440 421
400 421
441 400
422 400
441 422
423 422
442 423
443 423
424 423
444 424
425 424
426 425
445 426
406 426
446 406
427 406
428 427
447 428
429 428
448 429
430 429
431 430
449 431
432 431
450 432
433 432
450 433
414 433
451 414
452 434
435 434
453 435
436 435
454 436
437 436
455 437
438 437
456 438
439 438
457 439
440 439
458 440
441 440
459 441
460 441
442 441
461 442
462 442
443 442
463 443
444 443
464 444
425 444
465 425
445 425
466 445
446 445
467 446
427 446
468 427
447 427
469 447
448 447
470 448
430 448
471 430
449 430
472 449
450 449
473 450
474 450
451 450
475 452
453 452
476 453
454 453
477 454
436 454
478 436
455 436
479 455
456 455
480 456
457 456
481 457
458 457
482 458
459 458
483 459
460 459
461 460
484 461
462 461
485 462
463 462
486 463
464 463
487 464
465 464
488 465
466 465
489 466
467 466
490 467
468 467
491 468
469 468
491 469
470 469
492 470
471 470
493 471
472 471
494 472
473 472
495 473
474 473
451 474
474 451
476 475
477 476
478 477
479 478
480 479
481 480
482 481
483 482
460 483
484 460
485 484
486 485
487 486
488 487
489 488
490 489
491 490
492 491
493 492
494 493
495 494
474 495
2 3 7 3 5 3 4 0 3 0 3 6 2 1 8 4 0 5 4 7 1 6 5 2 7 2 3 4 7 8 5 4 6 1 5 7 4 1 7 1 8 5 4 6 4 8 0 3 6 1 8 6 1 5 4 5 4 6 1 6 4 5 0 1 7 5 7 5 1 5 4 0 5 7 8 2 8 2 3 0 3 6 8 5 1 3 0 0 5 3 4 1 3 1 6 1 5 1 7 4 0 1 6 7 6 2 7 3 1 4 0 4 0 0 8 3 0 2 0 4 0 5 8 3 5 6 2 8 1 7 3 5 8 3 4 3 2 7 2 2 7 2 5 4 1 5 2 7 4 3 1 0 8 8 2 7 5 1 8 5 0 6 7 4 6 2 8 6 2 8 3 8 2 3 4 2 6 1 2 7 4 7 3 6 5 3 7 0 7 4 5 0 7 2 0 7 5 6 4 2 6 5 6 4 8 2 7 6 5 6 3 7 2 6 3 0 7 5 6 1 3 7 5 7 8 1 4 1 0 2 5 2 6 7 5 5 4 3 0 6 1 4 2 0 2 0 0 1 4 1 8 7 5 7 2 7 6 0 2 1 7 4 8 0 3 1 3 7 3 8 3 0 6 3 1 8 6 3 6 7 5 0 3 2 0 4 6 4 3 7 2 8 1 2 3 7 1 7 3 5 7 8 5 3 5 0 7 5 1 4 0 7 6 0 5 6 5 0 4 3 7 4 7 3 6 7 5 4 1 7 5 1 2 0 8 1 3 5 0 2 8 3 1 6 3 0 6 3 4 5 7 6 5 4 4 0 7 6 5 6 4 2 1 3 2 7 6 5 0 7 0 8 3 8 7 1 1 7 6 4 8 7 0 5 0 3 0 5 7 0 4 8 7 2 8 5 6 5 2 5 1 4 2 3 7 6 2 5 3 2 3 0 7 5 3 2 3 7 4 1 3 8 6 1 5 3 4 7 1 3 1 4 2 4 6 4 0 8 4 6 7 0 3 6 7 6 5 6 7 2 3 6 8 7 5 2 0 4 5 3 6 1 8 1 5 8 5 6 4 0 1 2 4 1 4 0 3 8 5 1 8 1 0 1 0 4 7 4 7 2 0 8 5 0 6 2