510 1064
22 0
1 0
23 1
2 1
24 2
25 2
3 2
26 3
4 3
27 4
5 4
28 5
6 5
29 6
7 6
30 7
8 7
31 8
9 8
32 9
10 9
33 10
11 10
34 11
12 11
35 12
13 12
36 13
14 13
15 14
37 15
16 15
38 16
39 16
17 16
40 17
18 17
41 18
19 18
42 19
43 19
20 19
21 20
23 22
44 23
24 23
45 24
25 24
46 25
26 25
47 26
27 26
48 27
28 27
49 28
29 28
50 29
30 29
31 30
32 31
51 32
33 32
52 33
34 33
53 34
35 34
54 35
36 35
55 36
14 36
56 14
37 14
57 37
38 37
39 38
58 39
40 39
59 40
41 40
60 41
42 41
61 42
43 42
62 43
20 43
63 20
63 21
64 22
44 22
65 44
45 44
66 45
46 45
47 46
67 47
48 47
68 48
49 48
69 49
50 49
70 50
31 50
71 31
72 31
51 31
73 51
52 51
74 52
53 52
75 53
54 53
76 54
55 54
77 55
56 55
77 56
57 56
78 57
38 57
79 38
58 38
80 58
59 58
81 59
60 59
82 60
61 60
82 61
62 61
83 62
63 62
84 63
85 63
65 64
86 65
66 65
86 66
46 66
86 46
67 46
87 67
68 67
88 68
69 68
70 69
89 70
71 70
90 71
72 71
91 72
73 72
91 73
74 73
92 74
75 74
93 75
76 75
94 76
77 76
94 77
95 77
78 77
79 78
96 79
80 79
97 80
81 80
98 81
82 81
99 82
83 82
100 83
84 83
101 84
85 84
102 85
103 64
86 64
104 86
105 86
106 86
87 86
107 87
88 87
108 88
69 88
109 69
89 69
110 89
90 89
111 90
91 90
111 91
112 91
92 91
112 92
93 92
113 93
94 93
113 94
114 94
95 94
78 95
96 78
115 96
97 96
116 97
98 97
117 98
99 98
118 99
119 99
100 99
119 100
101 100
102 101
120 102
121 103
104 103
105 104
122 105
106 105
123 106
107 106
124 107
108 107
125 108
109 108
126 109
110 109
127 110
111 110
128 111
129 111
112 111
113 112
112 113
130 113
114 113
131 114
95 114
132 95
132 78
115 78
133 115
116 115
134 116
117 116
135 117
118 117
119 118
136 119
101 119
137 101
120 101
138 120
139 121
104 121
140 104
122 104
141 122
123 122
142 123
124 123
143 124
125 124
144 125
126 125
145 126
127 126
146 127
128 127
147 128
129 128
148 129
112 129
149 112
150 112
151 112
130 112
152 130
131 130
153 131
132 131
154 132
155 132
133 132
156 133
134 133
157 134
135 134
119 135
158 119
159 119
160 136
137 136
161 137
138 137
162 138
163 139
140 139
164 140
141 140
165 141
142 141
166 142
143 142
167 143
144 143
168 144
145 144
169 145
146 145
170 146
147 146
171 147
148 147
172 148
149 148
173 149
150 149
174 150
151 150
175 151
152 151
176 152
153 152
177 153
154 153
178 154
155 154
156 155
157 156
179 157
135 157
180 135
158 135
181 158
159 158
160 159
182 160
161 160
183 161
162 161
184 162
185 163
164 163
185 164
165 164
186 165
166 165
187 166
167 166
188 167
168 167
169 168
189 169
170 169
190 170
171 170
191 171
172 171
192 172
173 172
193 173
174 173
175 174
194 175
176 175
195 176
177 176
195 177
178 177
155 178
196 155
197 156
179 156
197 179
180 179
198 180
181 180
199 181
159 181
200 159
182 159
201 182
183 182
202 183
184 183
203 184
204 185
186 185
205 186
187 186
206 187
188 187
207 188
168 188
189 168
208 189
190 189
209 190
191 190
209 191
192 191
209 192
193 192
210 193
174 193
211 174
194 174
212 194
195 194
213 195
178 195
195 178
196 178
197 196
214 197
198 197
199 198
215 199
200 199
216 200
201 200
217 201
202 201
203 202
218 203
219 204
205 204
206 205
220 206
207 206
221 207
168 207
221 168
208 168
222 208
209 208
223 209
224 209
225 209
210 209
211 210
226 211
212 211
226 212
213 212
195 213
227 195
196 195
228 196
229 197
230 214
198 214
231 198
215 198
232 215
216 215
233 216
217 216
234 217
202 217
235 202
218 202
236 218
237 185
219 185
238 219
205 219
239 205
220 205
240 220
221 220
241 221
242 221
222 221
243 222
223 222
244 223
224 223
245 224
225 224
246 225
210 225
247 210
226 210
248 226
249 226
213 226
250 213
227 213
251 227
252 227
228 227
253 228
229 228
254 229
230 229
231 230
255 231
232 231
256 232
233 232
257 233
234 233
258 234
235 234
259 235
236 235
260 236
261 237
238 237
261 238
239 238
261 239
240 239
262 240
241 240
263 241
242 241
264 242
243 242
265 243
244 243
266 244
245 244
267 245
246 245
247 246
268 247
248 247
269 248
249 248
270 249
250 249
271 250
251 250
272 251
252 251
273 252
253 252
274 253
254 253
275 254
230 254
276 230
255 230
277 255
256 255
278 256
257 256
279 257
258 257
280 258
259 258
280 259
260 259
281 260
282 261
283 261
262 261
284 262
263 262
264 263
265 264
266 265
285 266
267 266
286 267
246 267
287 246
268 246
288 268
269 268
289 269
270 269
290 270
271 270
291 271
272 271
292 272
273 272
293 273
274 273
294 274
275 274
295 275
276 275
296 276
277 276
297 277
278 277
298 278
279 278
298 279
280 279
299 280
300 280
281 280
301 281
302 282
283 282
303 283
284 283
304 284
264 284
305 264
306 264
285 265
265 285
286 285
265 286
287 286
307 287
288 287
308 288
289 288
309 289
290 289
310 290
291 290
311 291
292 291
312 292
293 292
313 293
294 293
314 294
295 294
315 295
296 295
316 296
297 296
317 297
298 297
318 298
319 298
299 298
320 299
300 299
321 300
301 300
322 301
323 302
303 302
324 303
283 303
325 283
304 283
326 304
305 304
327 305
306 305
328 306
265 306
329 265
330 265
307 265
331 307
308 307
332 308
309 308
333 309
310 309
333 310
311 310
334 311
312 311
334 312
313 312
334 313
314 313
334 314
315 314
334 315
316 315
335 316
317 316
336 317
318 317
337 318
319 318
338 319
320 319
339 320
321 320
340 321
322 321
341 322
342 323
324 323
343 324
325 324
344 325
326 325
345 326
327 326
346 327
328 327
346 328
265 328
347 265
348 329
330 329
349 330
331 330
350 331
332 331
351 332
333 332
352 333
353 333
334 333
354 334
355 334
356 334
335 334
336 335
357 336
337 336
358 337
338 337
359 338
339 338
360 339
340 339
361 340
341 340
362 341
363 342
343 342
364 343
344 343
365 344
345 344
366 345
346 345
367 346
347 346
368 347
348 347
369 348
349 348
370 349
350 349
371 350
351 350
352 351
372 352
353 352
373 353
334 353
374 334
355 354
375 355
356 355
376 356
377 356
335 356
378 335
357 335
379 357
358 357
380 358
359 358
381 359
360 359
382 360
361 360
383 361
362 361
384 362
385 363
364 363
386 364
365 364
366 365
387 366
346 366
388 346
389 367
368 367
390 368
369 368
391 369
370 369
392 370
371 370
393 371
351 371
394 351
372 351
395 372
373 372
396 373
374 373
397 374
354 374
398 354
375 354
399 375
376 375
400 376
377 376
401 377
378 377
402 378
379 378
403 379
380 379
404 380
381 380
405 381
382 381
406 382
383 382
406 383
384 383
406 384
407 385
386 385
408 386
365 386
409 365
387 365
410 387
388 387
411 388
389 388
412 389
390 389
412 390
391 390
413 391
392 391
414 392
393 392
415 393
394 393
416 394
395 394
416 395
396 395
417 396
397 396
418 397
398 397
419 398
399 398
420 399
400 399
421 400
401 400
422 401
402 401
423 402
403 402
424 403
404 403
425 404
405 404
426 405
406 405
427 406
428 407
408 407
429 408
409 408
430 409
410 409
431 410
411 410
432 411
412 411
433 412
434 412
413 412
414 413
435 414
415 414
436 415
416 415
437 416
438 416
417 416
418 417
439 418
419 418
440 419
420 419
440 420
421 420
422 421
441 422
423 422
442 423
424 423
425 424
443 425
426 425
444 426
427 426
445 427
406 427
446 406
429 428
447 429
430 429
448 430
431 430
449 431
432 431
450 432
433 432
451 433
434 433
452 434
413 434
435 413
453 435
436 435
454 436
437 436
455 437
438 437
456 438
417 438
457 417
439 417
458 439
440 439
459 440
460 440
421 440
461 421
441 421
462 441
442 441
463 442
424 442
464 424
443 424
465 443
444 443
466 444
445 444
467 445
446 445
468 446
406 446
468 406
469 428
447 428
470 447
448 447
471 448
449 448
450 449
451 450
452 451
472 452
413 452
473 413
453 413
474 453
454 453
475 454
455 454
476 455
456 455
476 456
457 456
477 457
458 457
478 458
459 458
479 459
460 459
480 460
461 460
481 461
462 461
482 462
463 462
483 463
464 463
484 464
465 464
485 465
466 465
486 466
467 466
468 467
487 468
488 468
489 469
470 469
490 470
471 470
491 471
449 471
451 449
492 451
493 451
472 451
494 472
473 472
474 473
495 474
475 474
496 475
476 475
496 476
497 476
477 476
498 477
478 477
499 478
479 478
500 479
480 479
501 480
481 480
502 481
482 481
503 482
483 482
504 483
484 483
505 484
485 484
506 485
486 485
507 486
467 486
487 467
508 487
488 487
509 488
490 489
491 490
449 491
492 449
493 492
494 493
473 494
495 473
496 495
497 496
498 497
499 498
500 499
501 500
502 501
503 502
504 503
505 504
506 505
507 506
467 507
508 467
509 508
0 3 2 0 5 4 1 5 3 2 5 1 0 5 4 3 8 1 6 1 3 2 4 2 3 0 2 4 5 0 4 0 6 4 0 5 2 6 2 5 0 4 6 8 3 1 4 8 0 6 1 5 7 4 1 8 5 0 6 8 2 3 5 7 0 7 2 5 2 0 4 2 5 6 1 0 4 7 6 1 8 3 4 0 4 6 1 2 8 3 6 1 3 5 8 0 5 4 7 2 1 3 7 3 8 2 0 4 6 3 8 2 0 7 3 4 1 4 5 6 8 7 6 1 2 3 0 5 3 1 6 7 1 2 4 8 0 1 5 5 1 7 4 5 0 8 4 8 4 7 2 1 7 6 8 5 7 6 4 2 4 0 3 0 4 6 1 2 1 6 8 4 1 6 4 2 4 5 2 5 1 5 7 1 2 5 7 4 7 0 4 7 5 2 1 0 8 4 2 8 7 4 3 5 4 8 2 6 4 8 0 1 2 5 5 4 0 5 7 0 5 4 8 4 5 6 8 4 0 5 3 7 5 2 7 6 0 7 5 1 8 2 3 2 3 6 2 3 6 5 3 1 0 4 7 8 6 8 3 1 6 2 6 4 8 5 0 5 4 2 6 1 6 4 0 1 7 6 5 7 8 7 8 5 3 3 4 1 6 7 8 2 1 0 4 2 0 8 0 3 1 8 1 0 7 6 1 3 7 5 0 5 2 1 0 8 5 0 3 8 2 6 5 2 6 3 6 3 8 6 1 6 4 1 6 4 3 2 6 0 3 8 0 2 5 8 7 8 4 3 7 0 6 2 8 4 7 2 1 5 6 8 1 1 6 3 1 4 7 0 1 3 1 8 2 2 4 8 1 7 5 6 4 5 4 6 4 2 5 1 8 6 3 8 3 6 1 3 7 0 8 1 7 5 0 5 3 7 2 8 7 1 0 5 6 1 4 6 7 4 5 0 5 2 6 7 6 5 3 1 4 6 2 4 8 3 0 3 5 2 3 2 4 5 3 0 5 6 8 1 7 2 6 8 7 5 0 1 7 0 7 4 6 5 1 2 5 7 4 5 4 7 3 4 3 8 4 6 2 5 4 1 2 6 5 4 8 1 8 8 2 5 5 7 6 0 5 6 3 8 0 8 3 7 2 8 1 6 2 0