334 795
19 0
20 0
21 0
1 0
21 1
2 1
22 2
3 2
4 3
23 4
5 4
24 5
6 5
7 6
8 7
25 8
9 8
26 9
27 9
10 9
28 10
11 10
12 11
13 12
14 13
13 14
15 14
29 15
16 15
30 16
17 16
30 17
18 17
31 19
20 19
32 20
21 20
33 21
34 21
22 21
34 22
3 22
35 3
23 3
3 23
24 23
3 24
6 24
6 7
25 7
36 25
8 25
26 8
8 26
27 26
28 27
27 28
11 28
37 11
13 11
38 13
29 13
39 29
30 29
40 30
17 30
40 17
41 18
42 31
32 31
43 32
33 32
44 33
34 33
45 34
46 34
35 34
47 35
3 35
48 3
49 3
6 3
50 6
51 6
36 6
51 36
8 36
52 8
53 8
27 8
54 27
55 27
37 27
56 37
13 37
57 13
58 38
39 38
58 39
30 39
59 30
60 40
41 40
61 41
62 42
43 42
63 43
44 43
45 44
64 45
46 45
65 46
47 46
66 47
48 47
67 48
3 48
68 3
69 49
50 49
51 50
50 51
52 51
53 52
70 53
54 53
52 54
55 54
71 55
56 55
13 56
56 13
72 57
58 57
72 58
73 58
59 58
60 59
61 60
74 62
63 62
75 63
44 63
75 44
64 44
65 64
66 65
76 66
67 66
76 67
68 67
77 68
69 68
78 69
50 69
79 50
80 50
80 51
70 52
52 70
71 52
81 71
56 71
72 56
56 72
82 72
73 72
83 73
60 73
84 60
85 61
86 61
75 74
87 75
64 75
76 65
65 76
77 76
88 77
78 77
79 78
89 79
80 79
89 80
90 80
52 80
91 52
92 52
81 52
92 81
56 81
82 56
83 82
84 83
93 84
85 84
94 85
86 85
94 86
95 75
96 75
96 87
64 87
97 64
98 65
99 65
88 65
99 88
78 88
89 78
78 89
90 89
91 90
52 91
100 52
101 92
102 92
56 92
102 56
103 82
104 82
104 83
104 84
105 93
94 93
105 94
106 95
96 95
107 96
108 96
97 96
108 97
98 97
109 98
99 98
110 99
111 99
112 99
78 99
112 78
113 78
90 78
114 90
115 91
100 91
116 100
101 100
116 101
102 101
117 102
118 102
103 102
119 103
104 103
120 104
121 104
105 104
122 105
107 106
123 107
108 107
124 108
125 108
109 108
126 109
110 109
111 110
112 111
111 112
127 112
78 112
128 78
128 113
114 113
129 114
115 114
130 115
116 115
130 116
117 116
130 117
118 117
102 118
119 102
120 119
131 120
121 120
122 121
132 122
133 122
105 122
133 105
134 106
123 106
124 123
135 124
125 124
136 125
126 125
137 126
111 126
138 111
139 111
140 111
127 111
138 127
128 127
141 128
129 128
142 129
130 129
143 130
144 130
145 130
102 130
146 102
147 102
148 119
131 119
148 131
121 131
131 121
132 121
149 132
133 132
150 134
123 134
151 123
135 123
152 135
136 135
153 136
137 136
154 137
138 137
139 138
138 139
140 139
138 140
141 138
155 141
128 141
156 128
142 128
157 142
143 142
158 143
144 143
147 144
145 144
147 145
130 145
147 130
146 130
147 146
148 147
159 148
160 148
131 148
161 131
162 131
149 131
162 149
133 149
163 133
164 133
165 150
151 150
152 151
166 152
153 152
154 153
153 154
138 154
167 138
168 138
155 138
169 155
156 155
170 156
157 156
171 157
158 157
172 158
147 158
173 147
174 147
175 147
159 147
160 159
161 160
176 161
162 161
177 162
163 162
178 163
164 163
151 165
165 151
166 151
179 166
153 166
180 153
167 153
181 167
168 167
181 168
182 168
169 168
183 169
170 169
184 170
171 170
184 171
172 171
185 172
147 172
186 147
187 173
147 173
187 147
188 174
175 174
189 175
160 175
189 160
190 160
176 160
191 176
177 176
192 177
193 177
178 177
164 178
194 165
179 165
195 179
180 179
195 180
181 180
196 181
197 181
182 181
198 182
183 182
199 183
184 183
200 184
185 184
186 185
185 186
187 186
201 187
188 187
187 188
189 188
202 189
203 189
190 189
191 190
192 191
204 192
193 192
205 193
164 193
206 164
207 194
165 194
207 165
195 165
208 195
180 195
196 180
209 196
181 196
210 197
198 197
211 198
199 198
200 199
199 200
185 200
212 185
213 185
214 185
201 185
187 201
202 187
215 202
203 202
215 203
190 203
204 191
205 204
206 205
205 206
216 206
217 207
208 207
195 208
218 195
219 195
209 195
181 209
210 181
220 210
211 210
221 211
199 211
221 199
212 199
221 212
213 212
222 213
214 213
187 214
223 187
224 187
215 187
225 215
226 215
190 215
227 190
228 191
229 204
216 205
230 216
231 217
208 217
232 208
233 208
218 208
219 218
234 219
181 219
235 181
220 181
181 220
221 220
236 221
237 221
222 221
238 222
214 222
239 214
223 214
239 223
224 223
240 224
241 224
225 224
242 225
226 225
243 226
227 226
244 227
228 227
245 228
229 228
205 229
246 205
230 205
247 230
248 231
232 231
249 232
233 232
250 233
218 233
234 218
218 234
235 234
251 235
181 235
251 181
236 181
252 236
221 236
253 221
254 237
238 237
255 238
239 238
256 239
240 239
256 240
241 240
257 241
242 241
243 242
242 243
244 243
258 244
245 244
205 245
259 205
260 246
247 246
261 247
262 248
249 248
262 249
250 249
218 250
263 218
251 218
264 251
265 251
252 251
221 252
266 221
252 253
254 253
255 254
267 255
256 255
268 256
269 256
257 256
242 257
270 242
258 242
271 258
245 258
259 245
205 259
272 205
260 205
273 260
261 260
274 261
275 262
276 262
250 262
277 250
263 250
278 263
218 263
279 218
264 218
279 264
265 264
280 265
251 265
266 252
252 266
254 252
281 254
267 254
268 267
269 268
282 269
242 269
269 242
269 270
271 270
283 271
259 271
272 259
284 272
273 272
285 273
274 273
286 275
276 275
287 276
277 276
288 277
278 277
289 278
279 278
289 279
290 279
280 279
252 280
251 280
281 252
268 281
291 268
282 268
269 282
292 269
293 269
283 269
294 283
259 283
295 259
284 259
295 284
285 284
296 285
274 285
287 286
297 287
288 287
289 288
298 289
299 289
290 289
300 290
252 290
301 252
302 252
303 252
304 252
305 281
282 291
291 282
306 282
293 292
307 293
294 293
308 294
259 294
309 259
296 295
274 296
310 274
311 286
297 286
312 297
288 297
298 288
299 298
300 299
301 300
302 301
252 302
313 252
314 303
304 303
305 304
304 305
268 305
315 268
316 291
317 291
306 291
318 306
292 306
319 292
307 292
320 307
308 307
295 308
309 308
295 309
321 296
310 296
322 310
323 311
312 311
323 312
298 312
301 299
299 301
324 301
325 302
313 302
325 313
314 313
326 314
304 314
327 304
315 304
328 315
316 315
317 316
329 317
318 317
319 318
292 319
320 292
330 320
295 320
331 295
321 295
332 321
333 321
322 321
298 323
324 299
325 324
326 325
304 326
328 327
316 328
329 316
318 329
292 318
330 292
295 330
332 331
333 332
322 333
1 2 1 3 1 3 2 3 1 3 2 1 0 3 1 3 2 1 0 3 2 0 2 2 1 2 0 2 3 1 3 1 3 2 3 0 0 0 2 0 2 1 3 1 3 2 0 2 0 1 0 1 2 3 1 3 2 2 1 2 0 2 1 2 0 3 0 3 1 2 1 1 0 3 0 1 1 2 0 2 3 0 1 0 1 0 3 3 1 1 2 1 3 3 2 0 2 3 0 2 3 0 1 3 2 0 3 1 0 2 1 0 3 2 1 0 1 0 2 0 3 0 2 0 3 2 1 2 3 0 2 2 3 1 2 1 3 0 1 2 3 2 2 0 1 0 0 3 1 0 0 1 3 1 2 0 1 0 2 0 3 1 3 0 2 2 2 0 3 1 2 3 0 0 1 2 0 2 3 1 0 2 1 3 0 1 0 1 3 1 0 3 0 3 0 3 1 3 2 1 2 2 0 3 2 0 1 3 2 0 0 3 3 0 3 2 3 0 0 1 3 0 1 2 3 1 0 1 0 1 2 1 0 1 2 0 1 1 0 1 0 1 2 3 2 3 3 0 0 2 3 1 3 1 0 1 2 3 0 2 1 2 1 2 3 0 1 3 0 3 0 3 3 0 3 3 2 1 0 1 2 1 1 1 0 1 2 0 2 3 0 3 1 2 3 1 2 3 0 2 3 0 2 0 1 3 2 0 2 3 1 3 2 1 2 3 0 1 3 0 2 0 2 1 1 0 3 0 2 2 3 2 3 1