342 791
18 0
1 0
18 1
2 1
19 2
20 2
3 2
21 3
4 3
22 4
5 4
23 5
6 5
23 6
24 6
7 6
25 7
8 7
26 8
9 8
27 9
10 9
28 10
11 10
28 11
12 11
29 12
13 12
14 13
15 14
30 15
16 15
17 16
31 17
32 18
1 18
32 1
19 1
20 19
21 20
22 21
4 22
23 4
33 23
24 23
34 24
6 24
35 6
26 25
25 26
27 26
36 27
28 27
11 28
29 28
37 29
14 29
37 14
38 14
30 14
39 30
16 30
40 16
31 16
40 31
41 18
41 32
20 32
42 22
21 22
33 22
43 33
34 33
44 34
35 34
44 35
7 35
45 25
46 25
36 25
46 36
28 36
47 28
48 28
37 28
49 37
50 37
38 37
51 38
39 38
52 39
40 39
53 41
32 41
53 32
54 21
42 21
21 42
43 21
21 43
33 43
55 33
44 33
56 44
7 44
45 7
7 45
46 45
28 46
57 47
48 47
58 48
49 48
59 49
50 49
51 50
52 51
60 52
40 52
61 40
20 53
54 20
20 54
21 54
62 21
63 21
55 21
56 55
64 56
7 56
65 7
46 7
65 46
66 28
67 28
57 28
68 57
58 57
69 58
59 58
70 59
50 59
71 51
60 51
72 60
61 60
73 61
74 53
75 20
62 20
63 62
76 63
55 63
77 55
65 64
64 65
78 65
79 65
66 65
67 66
68 67
80 68
69 68
70 69
50 70
81 50
71 50
82 71
72 71
83 72
61 72
84 61
85 73
86 53
87 74
62 74
20 74
62 75
76 62
88 76
63 76
88 63
77 63
89 77
64 77
90 64
91 64
78 64
92 78
79 78
92 79
66 79
92 66
80 67
70 80
93 70
81 70
94 81
82 81
84 82
83 82
84 83
85 84
95 86
87 86
62 87
96 62
97 62
98 62
88 62
99 88
89 88
90 89
100 90
91 90
101 91
102 91
92 91
103 92
104 92
105 92
67 92
106 67
70 67
107 70
108 70
109 93
94 93
110 94
84 94
111 84
111 85
87 95
112 87
96 87
97 96
98 97
99 98
98 99
113 99
88 99
114 88
114 89
100 89
115 100
101 100
115 101
102 101
116 102
103 102
117 103
104 103
117 104
105 104
118 105
106 105
118 106
107 106
108 107
107 108
109 108
119 109
110 109
120 110
111 110
120 111
121 111
122 111
123 95
112 95
124 112
97 112
124 97
125 97
126 98
127 98
113 98
128 113
114 113
129 114
115 114
129 115
116 115
117 116
130 117
118 117
131 118
132 118
107 118
133 107
134 107
119 107
135 119
120 119
136 120
121 120
122 121
121 122
111 122
137 111
138 123
124 123
139 124
125 124
140 125
126 125
141 126
98 126
142 98
143 127
128 127
144 128
129 128
145 129
115 129
146 115
147 116
130 116
148 130
149 130
131 130
149 131
132 131
150 132
133 132
151 133
134 133
152 134
135 134
153 135
136 135
154 136
121 136
154 121
155 121
137 121
156 137
139 138
140 139
157 140
141 140
143 141
142 141
143 142
144 143
158 144
129 144
159 145
146 145
160 146
147 146
161 147
148 147
162 148
149 148
163 149
150 149
163 150
151 150
164 151
152 151
165 152
153 152
166 153
154 153
166 154
155 154
167 155
121 155
167 121
156 121
168 156
169 139
157 139
170 157
143 157
171 143
172 143
158 143
173 158
129 158
173 129
174 145
175 159
160 159
176 160
161 160
177 161
162 161
178 162
149 162
179 149
180 163
181 163
164 163
182 164
165 164
183 165
166 165
183 166
154 166
184 154
167 154
185 167
186 167
168 167
187 139
188 139
189 169
170 169
190 170
171 170
191 171
172 171
192 172
143 172
193 143
173 143
194 173
195 173
174 173
196 174
175 174
197 175
176 175
177 176
198 177
178 177
198 178
179 178
199 179
180 179
200 180
181 180
201 181
182 181
201 182
183 182
202 183
203 183
184 183
185 184
186 185
185 186
168 186
204 168
205 187
188 187
206 188
189 188
207 189
190 189
207 190
191 190
208 191
192 191
209 192
193 192
210 193
194 193
210 194
195 194
211 195
196 195
212 196
197 196
213 197
176 197
214 176
198 176
214 198
199 198
215 199
200 199
215 200
201 200
216 201
202 201
217 202
203 202
218 203
183 203
218 183
219 184
220 185
204 185
221 205
206 205
221 206
207 206
222 207
223 207
208 207
224 208
209 208
210 209
225 210
211 210
226 211
212 211
227 212
213 212
228 213
214 213
229 214
230 214
198 214
215 198
231 215
201 215
232 201
217 216
233 217
218 217
234 218
219 218
234 219
185 219
185 220
204 220
235 204
236 221
222 221
223 222
237 223
224 223
237 224
209 224
238 209
239 210
239 225
226 225
240 226
227 226
241 227
228 227
242 228
229 228
243 229
230 229
244 230
198 230
245 198
231 198
246 231
232 231
247 232
216 232
248 216
233 216
218 233
249 218
249 234
250 234
185 234
251 185
235 185
252 235
253 236
222 236
254 222
237 222
254 237
255 237
238 237
239 238
256 239
240 239
257 240
241 240
257 241
242 241
243 242
242 243
244 243
258 244
245 244
259 245
246 245
260 246
231 246
261 231
247 231
262 247
248 247
263 248
233 248
261 233
249 233
264 249
250 249
265 250
251 250
265 251
185 251
266 185
252 185
266 252
267 253
254 253
268 254
255 254
239 255
257 256
269 257
242 257
270 242
258 242
259 258
258 259
260 259
271 260
261 260
262 261
261 262
263 262
261 263
264 261
249 264
265 249
272 265
266 265
273 266
274 267
268 267
274 268
255 268
275 255
276 255
277 239
278 239
279 256
270 269
280 270
258 270
281 258
282 258
283 258
271 258
283 271
261 271
284 261
285 261
286 261
287 264
272 264
288 272
273 272
289 273
266 273
290 266
291 274
292 274
275 274
276 275
293 276
277 276
294 277
278 277
295 278
279 278
257 279
296 257
296 269
280 269
297 280
281 280
298 281
282 281
299 282
283 282
300 283
284 283
301 284
285 284
302 285
286 285
264 286
303 264
303 287
288 287
304 288
272 288
305 272
289 272
306 289
290 289
307 290
308 291
292 291
274 292
309 275
293 275
294 293
293 294
295 294
293 295
279 295
310 279
296 279
298 296
297 296
298 297
299 298
300 299
299 300
283 300
299 283
301 283
311 301
302 301
311 302
264 302
311 264
312 303
304 303
312 304
305 304
313 305
306 305
307 306
292 308
314 292
315 292
309 292
316 309
293 309
317 293
310 293
298 310
318 298
319 299
320 299
311 299
321 311
303 311
322 303
323 303
313 312
306 313
324 306
324 307
325 308
314 308
326 314
315 314
316 315
317 316
327 317
293 317
328 293
329 293
298 293
330 298
330 318
331 318
299 318
332 299
332 319
320 319
333 320
311 320
334 321
322 321
335 322
323 322
336 323
312 323
337 312
338 313
339 313
324 313
340 324
341 324
326 325
315 326
327 316
328 327
329 328
330 329
331 330
332 331
333 332
311 333
335 334
336 335
337 336
338 337
339 338
340 339
341 340
0 1 0 2 1 0 2 1 0 1 0 2 1 0 1 3 1 3 3 2 1 0 3 3 0 0 3 0 1 2 0 0 0 0 1 0 2 3 0 1 3 1 2 1 3 2 3 2 0 1 2 1 0 3 2 3 0 0 3 0 3 1 3 2 1 0 2 0 1 0 1 3 0 2 2 0 0 0 2 3 2 3 0 2 3 1 2 1 1 2 3 0 1 2 1 3 2 1 2 3 1 3 2 3 2 3 1 0 2 0 3 0 0 1 0 2 1 0 2 3 2 3 2 0 3 2 0 1 2 1 2 1 0 3 1 0 1 2 3 2 0 2 0 3 0 0 3 2 1 0 3 2 0 3 0 2 1 1 2 1 2 1 2 2 1 2 1 1 2 1 3 0 2 0 1 3 0 2 1 2 3 1 2 3 1 2 3 1 0 3 1 3 1 0 1 3 2 1 3 1 0 3 1 2 3 0 2 0 1 3 2 1 3 2 1 2 1 0 1 3 0 1 3 1 2 1 3 2 1 0 2 1 0 3 0 1 2 0 1 3 0 3 0 2 1 2 3 2 0 2 3 1 0 3 1 2 0 2 3 1 0 2 3 1 3 0 1 2 0 3 2 1 2 0 1 3 1 2 0 3 1 2 1 0 1 3 1 0 1 1 0 0 2 0 3 1 1 0 3 2 1 2 0 2 0 1 0 1 3 1 1 1 1 2 1 3 0 3 0 3 0 2 0 3 3 1 0 2 3 1 2 1 0 3 3 1 2 3 1 3 2 0