338 802
18 0
1 0
19 1
2 1
20 2
3 2
4 3
21 4
5 4
22 5
23 5
6 5
23 6
7 6
24 7
8 7
24 8
9 8
25 9
10 9
26 10
27 10
11 10
27 11
12 11
27 12
13 12
28 13
29 13
14 13
30 14
15 14
31 15
32 15
16 15
33 16
17 16
34 17
35 18
19 18
35 19
20 19
36 20
2 20
37 2
38 3
21 3
39 21
22 21
40 22
23 22
41 23
42 23
24 23
43 24
25 24
26 25
27 26
26 27
44 27
13 27
45 13
46 28
29 28
47 29
30 29
48 30
31 30
49 31
32 31
50 32
33 32
50 33
34 33
51 34
52 35
53 35
36 35
54 36
37 36
55 37
38 37
55 38
56 38
39 38
57 39
40 39
41 40
42 41
41 42
24 42
58 24
59 43
26 43
60 26
44 26
61 44
27 44
45 27
62 45
46 45
63 46
47 46
64 47
48 47
65 48
49 48
66 49
50 49
67 50
68 50
51 50
68 51
69 52
53 52
70 53
54 53
71 54
55 54
72 55
73 55
56 55
57 56
40 57
57 40
74 41
58 41
75 58
59 58
76 59
60 59
77 60
78 60
61 60
78 61
27 61
62 27
63 62
79 63
64 63
79 64
65 64
80 65
66 65
81 66
67 66
68 67
82 68
83 68
84 69
70 69
71 70
72 71
85 72
73 72
86 73
57 73
87 57
74 57
88 74
41 74
88 41
75 41
89 75
76 75
77 76
78 77
90 78
91 78
92 78
62 78
92 62
93 62
79 62
94 79
80 79
81 80
95 81
67 81
82 67
96 82
83 82
97 83
71 84
98 71
85 71
99 85
86 85
99 86
57 86
100 57
101 87
88 87
102 88
89 88
91 89
76 89
91 76
91 77
90 77
91 90
92 91
91 92
103 92
93 92
94 93
93 94
104 94
80 94
104 80
95 80
105 95
67 95
105 67
96 67
97 96
106 84
98 84
106 98
107 98
99 98
108 99
100 99
108 100
101 100
88 101
91 102
102 91
109 91
110 91
111 91
103 91
112 103
93 103
112 93
113 93
104 93
114 104
115 104
105 104
116 105
96 105
117 97
118 106
107 106
99 107
119 99
119 108
120 108
101 108
121 101
122 88
123 102
124 91
124 109
91 109
111 110
125 111
112 111
113 112
126 113
114 113
126 114
115 114
127 115
116 115
128 116
96 116
129 96
117 96
130 118
107 118
131 107
132 107
119 107
133 119
108 119
134 120
121 120
122 121
121 122
123 122
135 123
124 123
136 124
137 124
138 124
110 124
125 110
110 125
112 125
139 112
126 112
140 126
127 126
128 127
129 128
96 129
141 117
142 130
131 130
143 131
132 131
144 132
133 132
145 133
146 133
108 133
134 108
108 134
121 134
147 121
148 121
123 121
149 123
150 135
136 135
151 136
137 136
152 137
138 137
110 138
153 110
112 110
154 112
126 139
139 126
139 140
128 140
155 128
96 128
156 96
157 96
141 96
158 141
143 142
144 143
159 144
145 144
159 145
146 145
108 146
160 108
147 108
161 147
148 147
149 148
150 149
149 150
151 150
162 151
152 151
163 152
110 152
164 110
154 153
139 154
165 139
128 139
156 155
155 156
157 156
155 157
158 157
155 158
166 142
166 143
159 143
167 159
146 159
168 146
108 160
161 160
169 161
148 161
170 148
170 149
162 149
149 162
163 162
171 163
164 163
172 164
110 164
172 110
154 110
173 154
165 154
174 165
175 165
128 165
176 128
177 155
178 155
179 166
180 166
159 166
181 159
182 167
168 167
183 168
108 168
184 108
170 108
169 108
170 169
185 170
149 170
186 149
171 149
187 171
172 171
173 172
188 173
189 173
165 173
190 165
175 174
191 175
176 175
191 176
177 176
192 177
193 177
178 177
193 178
180 179
181 180
180 181
182 181
180 182
183 182
194 183
184 183
195 184
170 184
196 170
197 170
198 185
186 185
199 186
149 186
187 149
172 187
200 172
201 172
188 172
201 188
189 188
201 189
190 189
202 190
174 190
203 174
191 174
204 191
177 191
205 177
206 192
193 192
207 193
208 180
209 180
210 180
194 180
211 194
195 194
212 195
196 195
170 196
213 197
198 197
213 198
199 198
214 199
187 199
215 187
216 187
200 187
216 200
201 200
217 201
218 201
202 201
203 202
202 203
204 203
191 204
205 191
204 205
206 205
204 206
207 206
193 207
219 193
220 208
209 208
210 209
221 210
212 210
211 210
212 211
170 212
222 170
223 170
213 170
223 213
214 213
213 214
215 214
216 215
224 216
201 216
216 201
216 217
218 217
225 218
202 218
226 202
227 202
204 202
227 204
228 204
229 204
207 204
219 207
230 220
209 220
231 209
221 209
232 221
212 221
233 212
222 212
234 222
223 222
235 223
236 223
213 223
237 213
238 213
215 213
239 215
224 215
240 224
216 224
241 216
225 216
242 225
226 225
243 226
227 226
244 227
228 227
245 228
229 228
246 229
204 229
247 204
219 204
248 219
249 230
231 230
250 231
232 231
251 232
233 232
252 233
212 233
234 212
235 234
253 235
236 235
254 236
237 236
254 237
238 237
255 238
239 238
256 239
240 239
257 240
216 240
258 216
259 241
242 241
243 242
244 243
260 244
227 244
260 227
245 227
261 245
246 245
262 246
247 246
248 247
263 248
264 248
265 249
250 249
266 250
251 250
267 251
252 251
233 252
253 234
268 253
254 253
269 254
255 254
270 255
256 255
271 256
257 256
272 257
258 257
272 258
259 258
273 259
243 259
274 243
275 243
260 243
276 260
277 260
261 260
278 261
262 261
279 262
247 262
263 247
280 263
264 263
280 264
266 265
281 266
267 266
233 267
234 233
282 234
268 234
283 268
269 268
283 269
270 269
284 270
271 270
285 271
272 271
286 272
287 272
273 272
288 273
274 273
289 274
275 274
276 275
290 276
277 276
291 277
278 277
291 278
279 278
292 279
247 279
293 247
280 247
294 280
295 265
281 265
233 281
296 233
297 233
298 233
282 233
298 282
283 282
298 283
284 283
285 284
284 285
286 285
284 286
287 286
299 287
288 287
300 288
289 288
301 289
275 289
290 275
291 290
290 291
302 291
292 291
303 292
293 292
304 293
294 293
280 294
305 295
281 295
305 281
296 281
306 296
297 296
307 297
298 297
308 298
309 298
283 298
309 283
310 284
299 284
310 299
287 299
311 287
300 287
275 300
301 300
275 301
275 290
312 290
302 290
313 302
303 302
313 303
304 303
280 304
314 280
315 305
316 305
306 305
297 306
297 307
308 307
317 308
309 308
318 309
319 309
284 309
320 284
321 310
311 310
310 311
275 311
322 275
323 275
324 275
312 275
325 312
313 312
326 313
304 313
314 304
327 314
280 314
328 280
316 315
329 316
306 316
317 297
318 317
317 318
309 318
330 309
331 319
320 319
331 320
310 320
332 310
333 321
310 321
333 310
334 310
322 310
334 322
275 322
324 323
335 324
325 324
335 325
326 325
304 326
336 304
327 304
328 327
337 328
329 315
306 329
330 317
331 330
332 331
333 332
334 333
275 334
335 323
326 335
336 326
327 336
337 327
0 1 2 0 1 3 2 3 1 0 1 2 1 2 1 0 2 0 1 3 0 3 2 0 2 3 2 0 3 1 3 2 3 0 3 2 1 0 2 1 0 2 3 0 3 3 1 0 1 3 1 0 1 3 0 1 0 3 0 1 3 1 2 3 1 3 1 0 3 2 0 1 2 0 1 1 3 2 0 0 1 3 2 1 3 0 2 2 0 2 3 1 3 1 3 2 3 0 0 1 0 1 2 2 0 1 2 3 3 0 0 2 3 0 3 1 0 1 0 0 1 0 1 3 2 1 1 3 1 2 2 1 2 1 2 2 1 0 3 2 0 0 1 2 0 2 0 1 3 2 0 2 3 2 1 3 0 2 1 1 1 2 0 2 3 3 3 2 1 0 1 3 1 0 1 0 3 0 1 1 2 0 1 0 2 2 0 0 2 3 0 2 3 2 3 0 3 2 0 3 3 0 3 0 1 3 0 3 0 3 1 0 2 3 0 1 2 3 1 0 2 0 3 2 0 3 1 2 0 3 1 0 1 3 1 3 0 1 2 0 3 3 0 2 0 3 1 2 1 2 1 3 1 0 2 3 1 0 1 0 3 0 3 3 2 1 2 0 2 3 1 0 3 2 3 1 2 0 3 0 0 0 0 1 2 3 1 2 1 0 3 1 2 1 3 3 2 0 2 0 3 2 0 3 2 2 1 2 0 3 3 0 2 1 3 0 3 3 1 0 1 0 0 0 3 1 0 0 3 2 2 3 2 1 2 2 3 2