320 764
20 0
1 0
21 1
2 1
21 2
3 2
4 3
22 4
5 4
6 5
5 6
7 5
23 7
8 7
24 8
9 8
25 9
10 9
26 10
11 10
27 11
12 11
28 12
13 12
15 13
14 13
15 14
16 15
15 16
29 16
17 16
16 17
18 17
19 18
30 19
21 20
31 21
3 21
22 3
5 22
32 5
33 5
23 5
33 23
24 23
34 24
25 24
34 25
26 25
35 26
10 26
36 10
27 10
37 27
28 27
15 28
28 15
38 15
29 15
15 29
16 29
39 16
40 16
18 16
41 18
30 18
42 30
31 20
43 31
22 31
44 22
45 22
32 22
45 32
46 32
33 32
47 33
48 33
34 33
49 34
50 34
35 34
36 35
35 36
37 36
51 37
28 37
52 28
38 28
53 38
54 38
55 38
15 38
39 15
40 39
41 40
40 41
42 41
56 42
57 20
43 20
58 43
44 43
45 44
46 45
48 46
47 46
48 47
49 48
59 49
50 49
60 50
35 50
51 35
52 51
28 52
53 28
28 53
54 53
61 54
55 54
62 55
15 55
62 15
63 39
64 40
65 40
56 40
66 56
58 57
44 58
48 45
67 48
59 48
68 59
60 59
69 60
51 60
70 51
28 51
71 28
72 28
73 28
61 28
62 61
74 62
75 62
63 62
76 63
77 63
64 63
77 64
65 64
77 65
66 65
78 58
79 44
48 44
80 48
81 48
82 48
68 67
83 68
69 68
84 69
70 69
85 70
71 70
86 71
72 71
87 72
73 72
88 73
61 73
89 61
74 61
75 74
90 75
76 75
77 76
91 77
92 77
66 77
93 66
94 58
95 58
95 78
79 78
96 79
80 79
81 80
82 81
97 82
67 82
98 67
83 67
99 83
84 83
85 84
84 85
70 85
100 70
101 70
86 70
102 86
87 86
103 87
88 87
104 88
89 88
104 89
74 89
105 74
90 74
105 90
77 90
106 77
77 91
92 91
107 92
93 92
108 93
109 94
95 94
110 95
111 95
96 95
112 96
80 96
113 80
113 81
97 81
114 97
98 97
115 98
99 98
84 99
99 84
116 84
100 84
117 100
101 100
117 101
102 101
103 102
118 103
104 103
119 104
105 104
120 105
121 105
106 105
77 106
107 77
108 107
110 109
122 110
111 110
112 111
111 112
113 112
123 113
124 113
114 113
125 114
115 114
125 115
98 115
126 98
127 99
116 99
99 116
117 116
128 117
102 117
118 102
129 118
119 118
130 119
131 119
120 119
131 120
121 120
132 121
106 121
133 106
108 106
133 108
134 109
122 109
135 122
111 122
123 111
124 123
136 124
125 124
126 125
127 126
99 127
137 99
138 99
128 99
102 128
139 102
129 102
140 129
130 129
140 130
131 130
141 131
142 131
132 131
143 132
106 132
143 106
144 133
145 133
146 133
135 134
123 135
147 123
148 123
136 123
149 136
125 136
149 125
149 126
150 126
151 127
137 127
151 137
138 137
128 138
139 128
102 139
140 102
152 140
153 140
141 140
142 141
143 142
154 143
155 143
144 143
156 144
145 144
157 145
146 145
158 146
133 146
159 133
160 134
161 135
147 135
162 147
148 147
163 148
123 148
164 123
149 123
165 149
166 149
150 149
167 150
151 150
168 151
169 151
128 151
170 128
152 102
153 152
171 153
142 153
172 142
173 142
154 142
174 154
155 154
156 155
175 156
157 156
176 157
158 157
159 158
177 159
178 160
161 160
162 161
179 162
163 162
179 163
164 163
149 164
180 165
166 165
181 166
167 166
182 167
168 167
169 168
183 169
128 169
184 128
185 170
139 170
186 139
152 139
187 152
171 152
188 171
172 171
173 172
174 173
155 174
174 155
175 155
176 175
158 176
189 158
177 158
190 177
161 178
179 161
191 179
149 179
192 149
180 149
182 180
181 180
182 181
168 182
193 168
183 168
193 183
184 183
194 184
185 184
186 185
187 186
195 187
152 187
196 152
188 152
172 188
197 172
174 172
198 174
199 174
200 174
175 174
201 176
189 176
190 189
202 161
191 161
203 191
179 191
204 179
149 192
182 192
205 182
206 182
207 182
193 182
208 193
194 193
209 194
186 194
209 186
210 186
195 186
210 195
196 195
211 196
188 196
212 188
197 188
213 197
198 197
213 198
199 198
213 199
200 199
213 200
175 200
214 175
201 175
215 201
189 201
216 189
217 190
161 202
203 161
218 203
204 203
219 204
149 204
220 149
205 149
206 205
205 206
207 206
221 207
208 207
222 208
223 208
209 208
224 209
225 209
210 209
226 210
227 210
211 210
212 211
228 212
213 212
229 213
230 213
214 213
215 214
216 215
231 216
217 216
232 217
233 202
219 202
218 202
219 218
220 219
234 220
205 220
234 205
235 205
221 205
235 221
222 221
236 222
223 222
237 223
224 223
238 224
225 224
226 225
227 226
226 227
211 227
239 211
228 211
229 228
240 229
230 229
241 230
213 230
215 213
242 215
231 215
215 231
232 231
243 232
244 233
219 233
245 219
246 219
234 219
247 234
235 234
236 235
248 236
237 236
249 237
238 237
249 238
226 238
250 226
251 226
252 226
239 226
253 239
228 239
253 228
253 229
241 240
215 241
254 215
215 242
243 215
255 244
245 244
256 245
219 245
257 219
257 246
247 246
234 247
248 235
249 248
248 249
258 249
250 249
259 250
251 250
260 251
252 251
260 252
253 252
261 253
240 253
262 240
262 241
254 241
263 254
215 254
264 215
265 255
256 255
257 256
256 257
247 257
266 247
267 234
268 234
268 235
269 248
258 248
270 258
259 258
260 259
271 260
253 260
272 253
273 261
262 261
274 262
275 262
263 262
276 263
264 263
277 264
215 264
278 243
279 243
280 265
256 265
281 256
266 257
267 266
268 267
267 268
269 268
282 269
248 269
282 248
270 248
260 270
283 260
284 271
253 271
285 253
286 272
273 272
287 273
274 273
288 274
275 274
276 275
289 276
277 276
290 277
215 277
290 215
278 215
279 278
278 279
281 280
291 281
292 281
257 281
293 257
267 257
282 268
294 282
248 282
295 270
283 270
260 283
284 260
285 284
296 285
286 285
287 286
288 287
297 288
275 288
298 275
289 275
290 289
299 290
278 290
300 278
301 280
291 280
302 291
292 291
303 292
293 292
267 293
304 267
305 268
294 268
306 294
248 294
306 248
295 248
283 295
284 283
296 284
284 296
287 296
297 287
298 297
289 298
298 289
299 289
298 299
278 299
307 278
307 300
302 301
303 302
267 303
308 267
309 304
267 304
310 267
305 267
311 305
306 305
312 306
295 306
313 295
313 283
313 284
287 284
314 287
315 297
316 298
317 298
278 298
317 278
318 307
319 307
308 303
267 308
309 267
310 309
311 310
312 311
295 312
287 313
315 314
298 315
317 316
318 317
319 318
1 0 3 2 1 0 1 3 2 0 1 0 2 3 1 2 1 3 2 0 2 1 3 2 1 3 2 2 3 3 1 0 1 3 2 3 2 0 0 3 0 1 0 3 2 0 2 0 1 3 1 2 1 1 3 1 2 1 0 2 0 0 3 0 2 3 0 2 0 3 0 1 0 2 2 0 3 1 2 1 3 2 3 1 0 1 3 1 0 1 3 2 3 2 1 3 2 1 0 2 1 3 1 3 2 0 2 2 3 3 0 1 3 1 0 3 3 2 2 3 2 3 2 3 0 2 3 0 0 3 1 0 1 1 1 0 1 1 3 3 0 2 1 3 2 3 0 2 0 0 1 2 2 3 2 0 1 2 1 0 2 1 0 3 2 3 1 3 0 3 1 0 2 3 1 3 0 2 0 2 1 3 2 2 3 0 2 0 1 3 1 3 1 3 1 3 0 3 2 0 2 1 3 2 3 1 3 1 0 3 1 2 3 1 0 3 1 2 1 0 2 2 3 2 1 0 2 3 0 2 3 0 3 2 3 0 1 3 0 3 3 0 1 2 0 1 2 1 3 1 0 3 0 1 2 2 0 3 2 3 2 0 1 0 2 1 0 2 1 2 1 3 0 1 2 0 2 1 1 3 2 1 0 3 1 0 2 3 1 3 2 0 2 0 2 2 2 0 2 0 2 1 2 3 0 3 1 0 0 1 3 1 0 0 2 1 1 0 2 1