354 825
18 0
1 0
18 1
19 1
2 1
20 2
21 2
3 2
22 3
4 3
23 4
5 4
24 5
6 5
25 6
7 6
8 7
26 8
9 8
27 9
10 9
27 10
11 10
28 11
12 11
29 12
13 12
14 13
13 14
15 14
13 15
16 15
30 16
17 16
31 18
19 18
32 19
20 19
33 20
21 20
33 21
34 21
3 21
35 3
36 22
23 22
36 23
4 23
24 4
25 24
37 25
7 25
37 7
26 7
38 26
27 26
39 27
28 27
27 28
29 28
40 29
13 29
41 13
42 13
16 13
43 16
44 30
17 30
44 17
45 31
32 31
46 32
33 32
34 33
33 34
35 34
36 35
35 36
24 36
36 24
47 24
37 24
48 37
38 37
49 38
39 38
50 39
27 39
51 27
40 27
41 40
13 41
52 42
43 42
52 43
44 43
52 44
53 44
54 44
31 45
55 31
46 31
56 46
33 46
57 33
35 33
58 35
59 36
47 36
60 47
37 47
61 37
49 48
62 49
50 49
51 50
40 51
51 40
63 40
13 40
64 13
65 13
52 13
66 52
67 52
53 52
67 53
54 53
68 45
55 45
69 55
56 55
70 56
57 56
71 57
72 57
58 57
73 58
59 58
74 59
75 59
60 59
61 60
76 61
48 61
77 48
62 48
50 62
62 50
78 51
63 51
78 63
64 63
79 64
65 64
80 65
66 65
81 66
82 66
67 66
82 67
54 67
83 54
84 68
69 68
70 69
85 70
71 70
86 71
72 71
58 72
87 73
74 73
75 74
60 75
76 60
60 76
77 76
88 77
62 77
89 62
51 62
62 51
90 78
91 78
79 78
92 79
80 79
93 80
81 80
82 81
94 82
95 82
83 82
96 83
69 84
85 69
86 85
97 86
72 86
97 72
98 58
87 58
58 87
74 87
99 74
99 75
99 60
88 60
100 88
89 88
101 89
62 89
102 62
90 62
103 90
91 90
92 91
104 92
93 92
105 93
81 93
106 81
94 81
107 94
95 94
96 95
108 96
109 84
110 69
111 85
97 85
112 97
98 97
113 98
58 98
114 58
99 58
115 99
60 99
100 60
101 100
62 101
103 102
102 103
91 103
116 91
104 91
117 104
105 104
106 105
107 106
94 107
118 94
108 95
119 108
120 109
110 109
121 110
111 110
121 111
112 111
121 112
97 112
113 97
122 113
114 113
99 114
123 99
124 99
125 115
100 115
126 100
127 101
102 101
128 102
116 102
102 116
117 116
102 117
105 117
102 105
107 105
129 107
118 107
95 118
118 95
119 95
130 119
131 120
121 120
132 121
97 121
133 97
122 97
134 122
114 122
135 114
123 114
136 123
124 123
136 124
125 124
115 125
137 115
138 100
139 126
127 126
140 127
128 127
141 128
142 128
102 128
143 102
129 102
144 129
145 129
118 129
146 118
130 118
147 131
121 131
148 121
149 132
133 132
150 133
134 133
151 134
135 134
152 135
136 135
153 136
125 136
153 125
137 125
154 137
138 137
155 138
139 138
156 139
140 139
156 140
141 140
142 141
143 142
157 143
102 143
158 102
159 102
144 102
160 144
145 144
160 145
118 145
161 118
162 146
130 146
163 130
164 147
148 147
165 148
166 148
149 148
167 149
150 149
168 150
151 150
169 151
152 151
170 152
136 152
171 136
172 153
154 153
173 154
155 154
156 155
155 156
174 156
142 156
175 142
157 142
158 157
176 158
102 158
177 159
160 159
178 160
161 160
179 161
162 161
180 162
163 162
181 163
182 164
165 164
183 165
166 165
184 166
167 166
185 167
168 167
185 168
169 168
185 169
170 169
171 170
172 171
173 172
155 173
186 155
187 155
174 155
175 174
188 175
157 175
189 157
176 157
189 176
102 176
190 102
177 102
178 177
160 178
191 160
179 160
192 179
180 179
193 180
181 180
194 181
195 182
183 182
195 183
184 183
185 184
196 185
197 185
170 185
198 170
172 170
199 172
199 173
186 173
200 186
187 186
200 187
174 187
201 174
188 174
202 188
189 188
203 189
204 189
190 189
205 190
177 190
191 177
191 178
192 191
206 192
193 192
207 193
194 193
208 194
209 195
210 195
184 195
211 184
196 184
212 196
185 196
213 185
213 197
198 197
214 198
172 198
215 172
216 199
217 199
200 199
218 200
219 200
201 200
220 201
202 201
221 202
203 202
222 203
189 203
223 189
224 204
205 204
225 205
191 205
226 191
227 191
206 191
228 206
207 206
229 207
208 207
210 209
209 210
211 210
230 211
212 211
230 212
213 212
231 213
232 213
214 213
233 214
215 214
234 215
216 215
235 216
199 216
236 199
237 217
218 217
238 218
219 218
220 219
239 220
221 220
240 221
222 221
223 222
241 223
224 223
242 224
225 224
242 225
191 225
242 191
243 226
227 226
244 227
228 227
245 228
229 228
246 229
208 229
247 208
248 209
230 209
249 230
250 230
231 230
251 231
232 231
252 232
233 232
253 233
234 233
254 234
235 234
255 235
236 235
256 236
237 236
257 237
238 237
258 238
219 238
259 219
239 219
259 239
240 239
222 240
260 222
241 222
261 241
242 241
262 242
263 242
243 242
244 243
243 244
245 244
264 245
246 245
265 246
247 246
266 247
209 248
249 209
267 249
250 249
267 250
251 250
252 251
253 252
268 253
254 253
255 254
256 255
269 256
257 256
270 257
258 257
271 258
259 258
272 259
240 259
273 240
260 240
274 260
261 260
262 261
263 262
275 263
242 263
276 242
276 243
277 243
264 243
278 264
265 264
279 265
266 265
280 266
281 209
267 209
282 267
283 267
251 267
284 251
284 252
268 252
285 268
255 268
286 255
269 255
287 269
270 269
271 270
272 271
288 272
259 272
273 259
289 273
274 273
290 274
262 274
291 262
275 262
276 275
292 276
277 276
293 277
278 277
294 278
279 278
295 279
280 279
295 280
296 209
297 281
282 281
298 282
283 282
299 283
284 283
285 284
300 285
286 285
301 286
302 286
287 286
302 287
270 287
303 270
303 271
288 271
304 288
259 288
305 259
289 259
290 289
262 290
306 262
275 291
307 275
308 292
293 292
308 293
294 293
309 294
295 294
310 295
311 296
297 296
312 297
298 297
284 298
299 298
284 299
313 284
300 284
301 300
302 301
314 302
315 302
303 302
316 303
317 303
304 303
318 304
305 304
319 305
290 305
320 290
321 290
306 290
322 306
291 306
323 291
307 291
324 307
276 307
325 276
308 276
326 308
309 308
310 309
327 310
295 310
312 311
284 312
328 284
329 284
300 313
330 301
314 301
331 314
315 314
316 315
317 316
319 317
318 317
319 318
320 319
321 320
322 321
321 322
323 322
324 323
332 324
325 324
326 325
309 326
333 309
327 309
334 327
295 327
335 312
336 312
328 312
336 328
329 328
313 329
337 313
330 300
331 330
315 331
319 316
316 319
338 319
321 319
339 321
323 321
340 323
332 323
340 332
325 332
341 325
342 326
343 326
333 326
344 333
334 333
295 334
345 335
336 335
345 336
328 336
346 328
337 329
300 337
337 300
331 300
347 331
347 315
348 316
338 316
349 338
321 338
338 321
340 339
350 340
351 340
341 340
352 341
342 341
353 342
343 342
344 343
343 344
334 344
346 345
337 346
331 337
348 347
316 348
349 316
338 349
339 338
350 339
351 350
352 351
353 352
343 353
334 343
1 2 1 2 1 3 2 1 3 1 0 3 1 2 0 1 0 3 0 1 2 3 0 3 0 3 0 3 0 3 1 3 2 1 2 3 2 2 1 0 1 0 3 2 0 1 0 3 1 2 3 2 1 2 1 0 1 0 1 3 2 3 0 0 1 3 2 3 0 2 0 3 2 0 2 1 1 3 3 2 1 3 1 3 3 3 1 3 0 2 1 2 0 2 2 3 0 0 2 3 3 1 3 0 3 0 1 3 2 2 3 0 1 3 2 2 0 2 1 1 1 2 1 0 1 0 1 0 2 2 0 0 0 1 0 1 3 1 2 3 1 3 1 0 1 0 2 1 3 1 2 3 0 2 0 3 0 2 1 0 3 2 0 3 3 2 0 2 0 2 3 1 0 2 1 3 0 2 1 0 2 0 2 1 2 1 0 2 0 3 0 0 2 1 3 0 3 3 2 1 3 0 1 2 2 3 1 3 2 1 3 0 1 2 3 2 3 3 1 2 1 0 1 2 3 2 2 3 2 1 2 3 1 0 3 2 0 2 0 0 3 0 1 0 2 0 3 0 0 0 1 0 3 1 0 3 1 0 2 1 0 2 0 3 1 0 2 2 0 0 1 3 0 0 3 1 2 1 3 1 3 3 1 3 1 3 1 3 2 3 1 2 1 0 1 2 2 1 3 2 2 3 0 2 1 3 3 0 3 0 1 0 2 0 2 1 3 1 3 2 0 3 2 1 2 3 1 3 0 2 1 0 0 3 0 1 3 3 1 0 3 2 0 2 1 0 1 3 2 0 1 0 3 1