151 322
1 0
10 1
11 1
2 1
12 2
3 2
13 3
4 3
14 4
5 4
15 5
16 5
6 5
17 6
7 6
18 7
8 7
19 8
9 8
20 9
21 9
22 0
10 0
23 10
11 10
24 11
12 11
25 12
13 12
26 13
14 13
27 14
28 14
15 14
29 15
16 15
29 16
17 16
30 17
18 17
31 18
19 18
9 19
21 20
32 21
33 22
23 22
34 23
24 23
35 24
25 24
35 25
26 25
36 26
27 26
37 27
28 27
38 28
29 28
38 29
39 29
30 29
40 30
31 30
41 31
19 31
42 19
20 19
32 20
43 33
34 33
44 34
35 34
44 35
45 35
36 35
46 36
37 36
38 37
47 38
48 38
39 38
48 39
40 39
48 40
41 40
49 41
42 41
50 42
20 42
51 20
52 32
53 43
44 43
54 44
55 44
45 44
55 45
46 45
37 46
56 37
47 37
57 47
48 47
58 48
49 48
59 49
50 49
51 50
60 51
32 51
61 32
62 52
63 53
54 53
55 54
64 55
46 55
56 46
65 56
57 56
58 57
66 58
67 58
68 58
59 58
69 59
50 59
70 50
60 50
70 60
61 60
71 61
62 61
71 62
72 63
54 63
46 64
73 46
65 46
74 65
57 65
75 57
66 57
76 66
67 66
77 67
68 67
69 68
68 69
70 69
78 70
71 70
79 71
80 72
55 72
81 55
82 55
73 64
83 73
74 73
84 74
75 74
76 75
77 76
76 77
68 77
85 68
78 68
86 78
79 78
87 79
88 80
81 80
89 81
82 81
90 82
64 82
91 64
83 64
92 83
84 83
93 84
76 84
94 76
95 76
96 76
85 76
97 85
98 85
78 85
99 86
87 86
100 87
79 87
101 79
89 88
88 89
90 89
102 90
91 90
103 91
92 91
104 92
93 92
105 93
94 93
105 94
95 94
105 95
96 95
106 96
97 96
98 97
107 98
78 98
108 78
99 78
109 99
100 99
110 100
101 100
110 101
111 88
112 88
102 88
113 102
103 102
114 103
104 103
105 104
115 105
116 105
106 105
117 106
97 106
117 97
107 97
118 107
108 107
119 108
109 108
110 109
120 110
121 111
112 111
113 112
122 113
114 113
123 114
104 114
124 104
115 104
125 115
126 115
116 115
117 116
127 117
128 117
118 117
119 118
109 119
129 109
120 109
130 120
131 120
132 121
112 121
132 112
122 112
133 122
123 122
124 123
134 124
125 124
135 125
126 125
116 126
127 116
128 127
119 128
118 128
129 119
136 129
130 129
137 130
131 130
138 131
139 132
133 132
123 133
140 123
134 123
141 134
135 134
142 135
116 135
142 116
143 116
144 127
119 127
145 119
146 119
147 119
136 119
148 136
137 136
149 137
138 137
150 138
133 139
140 133
141 140
142 141
143 142
144 143
145 144
146 145
147 146
148 147
149 148
150 149
4 2 3 1 0 2 4 5 0 6 6 4 0 6 3 5 0 1 2 3 4 0 3 2 3 2 4 1 6 2 3 5 5 5 4 1 5 2 1 4 1 0 1 1 2 5 1 4 3 1 0 6 3 5 1 3 6 0 2 5 4 6 1 2 5 2 6 4 3 2 5 4 6 4 5 4 5 0 2 6 2 0 2 1 2 1 3 4 4 3 1 6 0 3 0 4 3 2 3 1 6 4 5 1 2 5 0 4 5 2 5 5 2 3 0 3 2 1 2 1 3 6 0 4 3 2 1 5 4 6 4 5 1 2 6 4 3 5 6 4 1 4 1 5 4 2 3 0 2 4 3