160 339
13 0
1 0
14 1
2 1
14 2
3 2
15 3
4 3
15 4
5 4
6 5
7 6
8 7
16 8
9 8
17 9
10 9
11 10
18 11
12 11
19 12
20 12
21 13
14 13
22 14
3 14
23 3
24 15
25 15
5 15
25 5
7 5
26 7
27 7
16 7
28 16
17 16
29 17
10 17
29 10
18 10
30 18
19 18
31 19
20 19
31 20
32 21
14 21
33 14
34 22
23 22
35 23
24 23
35 24
25 24
35 25
26 25
36 26
27 26
36 27
28 27
29 28
37 29
30 29
31 30
38 31
39 31
40 32
33 32
34 33
33 34
35 34
33 35
41 35
25 35
42 25
36 25
43 36
44 36
29 36
45 29
46 37
30 37
46 30
38 30
47 38
39 38
48 39
49 40
33 40
50 33
51 33
41 33
52 41
53 41
42 41
54 42
43 42
55 43
44 43
55 44
45 44
55 45
46 45
56 46
57 46
47 46
58 47
48 47
58 48
59 49
50 49
60 50
61 50
51 50
62 51
52 51
63 52
53 52
64 53
54 53
65 54
55 54
66 55
67 55
68 55
56 55
69 56
57 56
70 57
58 57
71 58
72 58
73 59
60 59
74 60
61 60
75 61
62 61
76 62
63 62
64 63
77 64
65 64
78 65
66 65
79 66
67 66
68 67
80 68
69 68
81 69
70 69
82 70
71 70
83 71
72 71
84 72
74 73
75 74
85 75
76 75
86 76
63 76
87 63
77 63
78 77
77 78
79 78
88 79
67 79
89 67
90 67
80 67
90 80
81 80
91 81
82 81
92 82
83 82
93 83
84 83
94 84
95 73
96 74
85 74
97 85
86 85
98 86
87 86
99 87
77 87
100 77
88 77
101 88
89 88
102 89
90 89
103 90
104 90
91 90
105 91
92 91
106 92
93 92
106 93
94 93
107 94
108 95
96 95
109 96
97 96
110 97
98 97
111 98
99 98
111 99
77 99
112 77
101 100
100 101
102 101
100 102
103 102
104 103
113 104
105 104
114 105
106 105
115 106
116 106
107 106
117 107
118 108
109 108
118 109
110 109
119 110
111 110
120 111
112 111
121 112
100 112
122 100
123 100
103 100
124 103
113 103
125 113
114 113
126 114
115 114
127 115
116 115
117 116
116 117
128 118
129 118
119 118
130 119
111 119
130 111
131 120
121 120
132 121
122 121
133 122
100 122
134 100
135 123
124 123
125 124
136 125
126 125
136 126
127 126
137 127
116 127
138 116
139 116
140 128
129 128
141 129
130 129
141 130
142 130
131 130
132 131
143 132
133 132
144 133
134 133
135 134
145 135
124 135
136 124
124 136
137 136
138 137
146 138
139 138
147 139
148 140
141 140
149 141
150 141
142 141
150 142
131 142
143 131
151 143
144 143
152 144
134 144
153 134
145 134
154 145
124 145
155 124
156 124
157 124
137 124
158 137
146 137
147 146
159 147
149 148
150 149
131 150
151 131
152 151
153 152
154 153
155 154
156 155
157 156
158 157
146 158
159 146
5 2 3 2 5 0 6 3 5 2 1 5 0 3 0 1 2 5 3 4 5 2 1 5 2 4 0 4 1 4 6 1 4 6 4 0 5 2 4 3 1 1 5 1 3 2 5 6 5 2 1 0 2 6 1 5 6 2 1 4 6 3 2 0 5 2 1 2 6 0 3 6 4 0 1 0 1 2 6 4 1 2 6 5 2 3 5 3 1 5 6 3 0 6 3 3 4 5 3 6 6 2 3 1 3 0 1 0 4 6 4 0 5 2 3 2 4 3 1 2 6 2 0 3 5 6 1 5 2 0 1 5 6 3 1 2 2 0 3 0 1 5 4 2 4 4 2 4 5 3 0 6 2 6 1 0 6 1 6 0