162 336
14 0
1 0
15 1
2 1
16 2
3 2
17 3
4 3
5 4
6 5
5 6
7 6
18 7
8 7
19 8
9 8
20 9
10 9
11 10
21 11
12 11
22 12
13 12
23 13
24 14
15 14
25 15
16 15
17 16
16 17
4 17
26 4
27 5
18 5
28 18
19 18
29 19
20 19
30 20
10 20
31 10
32 11
32 21
22 21
33 22
23 22
25 24
24 25
16 25
24 16
34 16
26 16
35 26
5 26
28 5
28 27
29 28
30 29
31 30
32 31
36 32
33 32
37 33
23 33
38 23
39 24
40 24
41 24
34 24
42 34
35 34
43 35
28 35
44 28
45 28
30 28
45 30
46 30
47 31
36 31
48 36
37 36
49 37
38 37
50 38
51 39
40 39
52 40
41 40
52 41
42 41
53 42
43 42
54 43
28 43
55 28
56 44
45 44
57 45
46 45
58 46
47 46
59 47
48 47
60 48
61 48
49 48
50 49
62 50
63 51
52 51
64 52
65 52
53 52
66 53
54 53
67 54
55 54
56 55
68 56
57 56
69 57
70 57
58 57
71 58
59 58
72 59
60 59
73 60
61 60
74 61
49 61
75 49
62 49
76 62
77 63
64 63
78 64
65 64
79 65
66 65
79 66
67 66
80 67
55 67
81 55
68 55
82 68
69 68
83 69
70 69
84 70
71 70
85 71
72 71
86 72
73 72
74 73
87 74
75 74
88 75
76 75
88 76
89 77
78 77
90 78
79 78
91 79
92 79
80 79
92 80
81 80
93 81
82 81
93 82
83 82
94 83
84 83
95 84
85 84
93 85
86 85
96 86
73 86
87 73
97 87
88 87
98 88
99 88
100 89
90 89
101 90
91 90
102 91
92 91
103 92
104 92
93 92
105 93
94 93
93 94
95 94
93 95
96 93
73 96
106 73
97 73
107 97
98 97
108 98
99 98
109 99
110 100
101 100
102 101
111 102
103 102
112 103
104 103
113 104
105 104
114 105
93 105
115 93
116 93
117 93
118 96
106 96
119 106
107 106
119 107
108 107
109 108
120 109
121 110
101 110
122 101
111 101
123 111
112 111
124 112
113 112
116 113
114 113
116 114
115 114
116 115
125 116
117 116
118 117
126 118
119 118
127 119
128 119
108 119
120 108
129 120
122 121
130 122
123 122
131 123
124 123
132 124
116 124
133 116
134 116
135 125
117 125
136 117
126 117
137 126
127 126
128 127
127 128
108 128
138 108
129 108
139 129
140 121
130 121
141 130
131 130
142 131
132 131
143 132
116 132
143 116
144 133
134 133
145 134
116 134
146 116
135 116
147 135
136 135
137 136
127 137
148 127
138 127
149 138
139 138
150 139
151 140
141 140
152 141
142 141
153 142
143 142
154 143
155 143
144 143
156 144
145 144
146 145
147 146
157 147
137 147
158 137
148 137
159 148
149 148
160 149
150 149
161 150
152 151
153 152
154 153
155 154
156 155
146 156
157 146
137 157
159 158
148 159
160 148
161 160
1 2 4 3 6 0 2 0 4 3 1 2 3 2 6 0 2 4 1 6 4 1 0 1 4 3 1 6 2 4 6 4 0 5 0 4 5 4 2 5 3 1 4 0 3 0 4 0 1 2 1 4 6 5 1 6 5 3 6 4 2 4 5 3 1 2 3 4 0 4 2 3 5 6 3 0 1 0 5 1 0 2 5 1 5 2 4 2 4 2 4 5 3 6 5 2 1 1 6 3 3 6 3 2 6 3 2 3 0 6 1 1 4 3 1 0 5 4 3 5 4 2 4 5 0 2 5 6 2 2 0 2 1 0 1 6 0 2 5 6 1 6 3 6 3 2 1 4 1 0 1 2 0 5 4 5 0 3 6 4 6 3