175 359
11 0
1 0
12 1
13 1
14 1
2 1
15 2
3 2
16 3
4 3
17 4
5 4
18 5
6 5
7 6
19 7
8 7
20 8
9 8
21 9
10 9
22 10
23 10
24 10
25 11
12 11
26 12
13 12
27 13
14 13
28 14
15 14
29 15
16 15
30 16
17 16
31 17
18 17
32 18
6 18
33 6
19 6
34 19
20 19
35 20
21 20
36 21
22 21
37 22
23 22
38 23
24 23
39 24
40 25
26 25
41 26
27 26
42 27
28 27
43 28
29 28
43 29
30 29
44 30
31 30
45 31
32 31
46 32
33 32
47 33
34 33
48 34
35 34
49 35
36 35
50 36
37 36
51 37
38 37
52 38
39 38
53 39
54 40
41 40
55 41
42 41
56 42
43 42
44 43
57 44
45 44
58 45
46 45
59 46
47 46
60 47
48 47
61 48
49 48
62 49
50 49
63 50
51 50
64 51
52 51
65 52
53 52
55 54
56 55
43 56
56 43
66 43
57 43
58 57
57 58
59 58
67 59
60 59
68 60
61 60
69 61
62 61
69 62
63 62
70 63
64 63
71 64
65 64
72 65
53 65
73 53
74 55
75 56
76 56
66 56
77 66
57 66
77 57
78 57
67 57
79 67
68 67
79 68
69 68
80 69
81 69
70 69
81 70
71 70
82 71
72 71
83 72
73 72
84 73
85 74
55 74
86 55
75 55
87 75
76 75
88 76
77 76
88 77
78 77
79 78
89 79
90 79
80 79
90 80
81 80
91 81
82 81
92 82
83 82
84 83
93 84
86 85
94 86
87 86
88 87
95 88
96 88
78 88
96 78
89 78
96 89
90 89
97 90
98 90
91 90
99 91
92 91
100 92
83 92
100 83
93 83
100 93
101 85
94 85
102 94
87 94
103 87
104 95
96 95
105 96
106 96
107 96
97 96
107 97
98 97
99 98
108 99
91 99
109 91
100 91
110 100
111 100
112 100
113 101
102 101
114 102
103 102
115 103
88 103
115 88
104 88
105 104
106 105
116 106
107 106
117 107
118 107
98 107
119 98
108 98
120 108
109 108
121 109
110 109
122 110
111 110
123 111
112 111
124 112
114 113
115 114
125 115
104 115
126 104
126 105
116 105
127 116
117 116
128 117
118 117
128 118
119 118
129 119
120 119
130 120
121 120
131 121
122 121
132 122
123 122
133 123
124 123
133 124
134 114
135 114
136 115
136 125
126 125
137 126
127 126
138 127
128 127
139 128
140 128
129 128
141 129
130 129
142 130
131 130
143 131
132 131
144 132
133 132
145 133
146 133
147 134
135 134
148 135
136 135
149 136
150 136
137 136
151 137
126 137
152 126
138 126
152 138
139 138
140 139
153 140
141 140
154 141
142 141
155 142
143 142
156 143
144 143
157 144
145 144
158 145
146 145
159 146
160 147
148 147
161 148
149 148
162 149
150 149
163 150
151 150
164 151
152 151
165 152
166 152
139 152
167 139
153 139
168 153
154 153
169 154
155 154
170 155
156 155
171 156
157 156
172 157
158 157
173 158
159 158
174 159
161 160
162 161
163 162
164 163
165 164
166 165
167 166
168 167
169 168
170 169
171 170
172 171
173 172
174 173
3 5 3 4 3 1 3 0 2 4 6 1 0 2 6 1 6 4 6 5 3 6 4 1 5 6 3 1 3 4 1 0 3 5 1 0 2 3 6 1 2 5 3 1 5 4 0 4 2 3 4 2 4 5 1 2 0 4 0 5 0 5 1 2 6 3 2 1 4 3 0 5 1 6 5 5 3 6 3 6 5 1 6 2 4 6 3 0 2 1 2 4 5 3 2 5 6 0 1 3 0 4 0 6 0 4 5 3 0 5 4 2 5 3 2 4 3 5 0 6 4 3 0 4 1 1 6 4 1 3 0 1 2 5 0 1 6 5 1 3 5 0 5 0 1 2 1 2 3 5 2 1 2 6 5 3 1 0 5 2 4 1 0 1 4 5 0 5 3 1 6 0 1 2 5