175 363
14 0
1 0
15 1
2 1
16 2
3 2
17 3
4 3
18 4
19 4
5 4
20 5
6 5
21 6
7 6
22 7
8 7
23 8
9 8
24 9
10 9
25 10
11 10
26 11
12 11
27 12
13 12
28 13
15 14
29 15
16 15
29 16
17 16
30 17
18 17
30 18
19 18
31 19
20 19
32 20
21 20
33 21
22 21
34 22
23 22
35 23
24 23
35 24
25 24
26 25
36 26
27 26
37 27
28 27
38 28
39 14
29 14
40 29
30 29
41 30
42 30
31 30
43 31
32 31
44 32
33 32
45 33
34 33
45 34
35 34
46 35
47 35
25 35
36 25
48 36
37 36
49 37
38 37
50 38
51 39
29 39
52 29
53 40
41 40
54 41
42 41
55 42
43 42
56 43
44 43
56 44
45 44
57 45
58 45
46 45
59 46
47 46
60 47
25 47
61 25
48 25
62 48
49 48
63 49
50 49
64 50
65 51
52 51
66 52
53 52
67 53
54 53
68 54
55 54
69 55
56 55
70 56
71 56
57 56
72 57
58 57
59 58
73 59
60 59
73 60
61 60
73 61
62 61
74 62
63 62
75 63
64 63
75 64
76 65
66 65
77 66
67 66
78 67
68 67
79 68
69 68
79 69
70 69
80 70
71 70
72 71
81 72
58 72
82 58
73 58
83 73
84 73
85 73
74 73
86 74
75 74
87 75
88 75
89 76
77 76
90 77
78 77
91 78
79 78
92 79
80 79
93 80
71 80
94 71
81 71
95 81
82 81
96 82
83 82
84 83
97 84
85 84
98 85
86 85
99 86
87 86
100 87
88 87
101 88
102 89
90 89
103 90
91 90
92 91
104 92
79 92
105 79
93 79
94 93
106 94
95 94
107 95
96 95
108 96
83 96
109 83
97 83
110 97
98 97
99 98
100 99
101 100
111 101
112 102
103 102
113 103
91 103
114 91
104 91
115 104
105 104
116 105
93 105
106 93
93 106
107 106
108 107
109 108
110 109
117 110
98 110
118 98
100 98
119 100
120 100
111 100
121 111
122 112
113 112
123 113
114 113
124 114
115 114
125 115
116 115
126 116
93 116
126 93
127 93
107 93
128 107
129 108
130 109
117 109
131 117
118 117
132 118
119 118
120 119
133 120
121 120
123 122
134 123
124 123
134 124
125 124
134 125
126 125
135 126
136 126
127 126
128 127
129 128
137 129
130 129
138 130
131 130
138 131
132 131
139 132
119 132
140 119
133 119
140 133
121 133
141 121
142 122
134 122
143 134
144 134
145 134
135 134
146 135
136 135
147 136
128 136
147 128
137 128
138 137
148 138
149 138
139 138
150 139
140 139
150 140
141 140
151 141
152 142
143 142
153 143
144 143
154 144
145 144
155 145
146 145
156 146
147 146
157 147
158 147
128 147
159 128
160 137
148 137
161 148
149 148
162 149
150 149
163 150
140 150
164 140
151 140
165 152
153 152
166 153
154 153
167 154
155 154
168 155
156 155
168 156
157 156
158 157
169 158
159 158
170 159
160 159
161 160
171 161
162 161
163 162
172 163
164 163
173 164
151 164
174 151
166 165
167 166
168 167
157 168
169 157
170 169
160 170
171 160
162 171
172 162
163 172
173 163
174 173
4 1 5 4 1 4 2 3 1 4 1 3 4 1 0 6 2 0 3 2 0 6 0 2 6 0 5 6 5 5 4 3 5 0 4 3 4 2 3 1 4 6 3 2 0 6 4 1 6 1 5 2 4 6 0 5 6 4 5 0 2 1 4 2 0 4 5 3 2 4 2 3 1 3 1 6 2 0 4 5 0 0 1 5 4 2 4 0 3 3 5 1 4 2 4 3 2 2 6 5 4 2 5 2 5 4 3 0 1 6 0 6 2 3 4 6 1 1 3 0 1 3 0 4 0 1 3 5 1 0 5 3 6 2 3 6 4 2 1 0 5 4 6 1 4 6 2 3 4 5 4 2 5 0 6 5 6 4 6 0 5 2 3 6 1 4 6 1 2 5 4 1 1 0 6