133 291
10 0
1 0
11 1
2 1
3 2
4 3
12 4
5 4
13 5
6 5
14 6
7 6
15 7
14 7
8 7
9 8
16 10
11 10
2 11
17 2
18 4
19 4
20 12
13 12
21 13
6 13
22 6
23 6
15 14
14 15
9 14
24 9
25 16
11 16
26 11
17 11
27 17
3 17
28 3
18 3
29 18
19 18
20 19
21 20
30 21
22 21
31 22
23 22
32 23
14 23
33 14
34 14
35 14
36 9
37 24
26 25
28 26
27 26
28 27
29 28
28 29
19 29
30 20
20 30
31 30
38 31
32 31
39 32
33 32
40 33
34 33
40 34
35 34
41 35
36 35
42 36
37 36
43 37
28 25
44 28
45 28
19 28
46 19
47 20
38 20
47 38
39 38
48 39
40 39
49 40
41 40
50 41
42 41
51 42
43 42
52 43
53 28
54 28
55 44
45 44
56 45
46 45
57 46
47 46
57 47
58 47
48 47
40 48
59 40
60 49
50 49
60 50
51 50
61 51
52 51
62 52
63 53
54 53
64 54
55 54
65 55
56 55
66 56
57 56
67 57
58 57
68 58
47 58
69 47
70 48
59 48
71 59
60 59
72 60
61 60
62 61
73 62
74 63
75 63
64 63
75 64
65 64
76 65
66 65
77 66
67 66
77 67
57 67
78 57
68 57
78 68
69 68
70 69
79 70
71 70
60 71
71 60
80 72
61 72
81 61
73 61
82 74
75 74
83 75
84 75
76 75
85 76
77 76
85 77
78 77
86 78
69 78
79 69
69 79
71 79
87 71
88 71
80 71
81 80
89 81
73 81
89 73
90 82
83 82
90 83
84 83
91 84
85 84
92 85
93 85
78 85
85 78
94 86
69 86
95 69
87 69
96 87
88 87
97 88
80 88
98 80
89 80
99 89
91 90
100 91
92 91
101 92
93 92
85 93
102 85
94 85
103 94
95 94
104 95
69 95
105 69
96 69
106 96
97 96
107 97
98 97
99 98
108 99
89 99
109 89
110 90
111 90
100 90
112 100
101 100
113 101
93 101
114 93
102 93
115 102
103 102
115 103
104 103
115 104
105 104
115 105
106 105
107 106
98 107
116 98
108 98
117 108
109 108
117 109
118 110
111 110
118 111
112 111
114 112
113 112
114 113
115 114
119 115
120 115
106 115
116 107
117 116
116 117
121 118
122 118
114 118
122 114
123 114
124 114
125 115
126 119
115 119
127 115
128 120
106 120
129 106
130 107
131 116
132 116
122 121
123 122
124 123
125 124
126 125
127 126
128 127
129 128
130 129
131 130
132 131
116 132
2 3 1 2 3 0 1 3 0 3 1 2 2 3 0 1 3 3 1 0 3 0 3 2 1 2 0 1 3 2 2 0 3 2 3 2 1 0 1 2 0 1 0 3 0 1 3 2 3 3 2 1 2 1 2 1 0 1 0 2 0 3 1 0 1 2 1 2 2 3 1 3 1 2 1 3 0 3 0 0 2 1 0 1 0 2 2 2 1 0 3 2 3 1 0 2 1 0 3 2 1 0 3 2 0 2 3 2 0 2 2 1 2 1 3 1 0 3 0 2 0 3 1 0 1 3 1 2 3 1 0 3 1