132 295
12 0
1 0
13 1
2 1
14 2
3 2
15 3
4 3
16 4
5 4
16 5
17 5
6 5
7 6
8 7
18 8
9 8
19 9
10 9
11 10
20 11
21 12
13 12
21 13
2 13
14 13
2 14
15 2
2 15
16 15
22 16
23 16
17 16
24 17
6 17
25 6
18 7
19 18
10 19
19 10
20 10
19 20
26 21
27 21
2 21
28 2
29 2
22 2
2 22
23 22
24 23
30 24
25 24
31 25
18 25
32 18
33 19
34 19
35 26
27 26
2 27
27 2
36 28
29 28
37 29
2 29
38 2
23 2
30 23
2 30
31 30
39 31
32 31
40 32
41 32
33 32
34 33
42 34
19 34
43 19
27 35
44 27
36 27
37 36
45 37
38 37
2 38
2 23
39 2
2 39
40 39
46 40
41 40
47 41
33 41
48 33
42 33
49 42
43 42
50 43
51 27
36 44
45 36
52 45
2 45
53 2
54 2
46 2
55 46
47 46
56 47
48 47
57 48
49 48
58 49
50 49
59 51
44 51
60 44
61 44
62 36
52 36
2 52
63 2
64 53
65 53
54 53
66 54
55 54
67 55
56 55
68 56
57 56
69 57
58 57
70 58
50 58
71 50
60 59
61 60
60 61
62 61
52 62
72 52
63 52
73 63
2 63
74 2
64 2
75 64
65 64
66 65
67 66
68 67
69 68
68 69
70 69
76 70
71 70
77 71
78 60
62 60
60 62
72 62
60 72
73 72
79 73
74 73
75 74
74 75
65 75
80 65
67 65
81 67
82 68
83 68
76 68
84 76
77 76
85 77
86 78
87 78
60 78
87 60
79 60
74 79
88 74
80 74
89 80
67 80
90 67
91 81
82 81
92 82
83 82
93 83
84 83
93 84
85 84
94 85
95 86
87 86
96 87
60 87
97 79
97 74
98 88
89 88
98 89
90 89
99 90
91 90
92 91
100 92
93 92
101 93
102 93
94 93
103 94
96 95
104 96
87 96
105 87
106 87
97 87
107 97
108 97
98 97
109 98
99 98
109 99
91 99
110 91
100 91
111 100
101 100
111 101
102 101
112 102
103 102
113 103
114 95
104 95
114 104
105 104
106 105
115 106
107 106
116 107
108 107
116 108
98 108
117 109
118 109
110 109
119 110
111 110
120 111
112 111
120 112
113 112
120 113
121 114
122 114
104 114
123 104
124 105
115 105
125 115
116 115
126 116
98 116
116 98
117 98
116 117
118 117
127 118
119 118
128 119
120 119
129 120
130 120
131 120
122 121
123 122
124 123
125 124
126 125
116 126
127 116
128 127
129 128
130 129
131 130
120 131
0 2 3 0 1 2 3 1 3 2 1 2 1 0 2 2 3 1 2 0 3 2 0 1 3 0 1 0 0 1 0 2 3 1 3 2 2 3 1 0 1 0 0 3 3 1 2 1 0 3 2 1 0 0 2 3 0 2 1 2 0 2 1 1 1 3 0 2 3 0 2 1 3 0 1 0 1 3 3 2 0 3 2 1 3 0 0 2 0 2 3 2 1 0 3 3 1 0 3 0 3 1 3 1 2 3 0 3 2 2 1 0 1 0 1 2 0 1 3 2 3 3 0 3 2 1 2 1 3 0 1 0