140 304
13 0
14 0
1 0
15 1
2 1
16 2
3 2
17 3
4 3
18 4
5 4
6 5
7 6
19 7
8 7
20 8
9 8
21 9
10 9
22 10
11 10
23 11
12 11
24 12
25 13
14 13
26 14
15 14
27 15
16 15
28 16
17 16
29 17
18 17
30 18
5 18
19 6
31 19
20 19
22 20
21 20
22 21
23 22
32 23
33 23
24 23
33 24
34 25
26 25
35 26
27 26
28 27
27 28
29 28
36 29
30 29
37 30
6 30
31 6
38 31
22 31
39 22
40 22
32 22
41 32
33 32
42 33
35 34
43 35
27 35
44 27
45 27
36 27
37 36
46 37
6 37
47 6
48 6
38 6
49 38
39 38
50 39
22 39
51 22
52 40
41 40
53 41
33 41
53 33
54 42
43 34
44 43
43 44
45 44
55 45
36 45
56 36
46 36
47 46
48 47
57 48
49 48
57 49
50 49
58 50
51 50
59 51
52 51
53 52
60 53
54 53
60 54
61 43
62 43
55 43
62 55
56 55
63 56
46 56
64 46
57 47
65 57
58 57
66 58
59 58
66 59
53 59
67 53
68 53
69 60
70 61
43 61
71 43
72 62
63 62
72 63
64 63
72 64
47 64
73 47
65 47
74 65
57 65
74 57
66 57
75 66
67 66
68 67
67 68
60 68
76 60
77 69
71 70
62 71
71 62
78 72
73 72
79 73
74 73
79 74
75 74
80 75
66 75
81 67
76 67
77 76
76 77
82 71
83 71
72 71
84 72
85 78
72 78
86 72
79 72
86 79
74 79
87 74
80 74
88 80
66 80
89 66
81 66
90 81
67 81
91 76
92 82
83 82
92 83
84 83
93 84
85 84
94 85
86 85
95 86
96 86
87 86
97 87
88 87
98 88
89 88
99 89
90 89
100 90
67 90
91 67
101 91
76 91
102 76
103 92
93 92
104 93
94 93
105 94
86 94
106 86
107 95
96 95
108 96
97 96
109 97
98 97
110 98
99 98
110 99
100 99
67 100
111 67
101 67
102 101
112 102
113 92
114 92
115 103
104 103
116 104
105 104
117 105
106 105
117 106
107 106
118 107
108 107
118 108
109 108
119 109
110 109
120 110
121 110
100 110
122 100
111 100
123 111
101 111
112 101
124 112
125 113
114 113
126 114
115 114
116 115
117 116
127 117
118 117
128 118
119 118
129 119
120 119
130 120
121 120
131 121
122 121
123 122
122 123
101 123
124 101
132 125
126 125
133 126
116 126
134 116
127 116
118 127
118 128
129 118
135 129
130 129
136 130
131 130
136 131
122 131
137 122
138 122
124 122
139 124
133 132
116 133
127 134
135 118
136 135
137 136
138 137
139 138
124 139
3 1 3 0 1 0 1 3 2 3 1 0 3 2 1 3 0 1 3 2 0 1 2 1 0 3 2 0 2 3 0 3 0 3 0 3 1 2 0 1 3 1 2 2 1 2 0 2 3 2 3 1 2 0 1 0 2 0 2 3 2 3 1 0 1 1 1 3 1 0 2 3 2 1 2 0 1 2 1 0 3 0 0 2 3 2 3 0 2 3 2 2 3 1 0 0 2 1 3 2 0 0 3 2 0 2 1 2 0 3 1 1 2 2 1 3 2 0 3 0 3 0 2 3 3 3 0 1 0 1 2 3 1 3 3 2 1 0 3 1