133 293
13 0
1 0
13 1
2 1
14 2
3 2
14 3
4 3
15 4
5 4
16 5
6 5
17 6
7 6
8 7
9 8
10 9
9 10
11 10
18 11
19 11
12 11
20 12
21 13
22 13
14 13
23 14
24 14
15 14
25 15
16 15
26 16
17 16
27 17
8 17
28 8
28 9
29 9
18 9
19 18
30 19
20 19
30 20
22 21
31 22
23 22
24 23
32 24
25 24
33 25
26 25
34 26
27 26
35 27
8 27
35 8
35 28
36 28
29 28
37 29
18 29
38 18
30 18
39 30
31 21
40 31
23 31
32 23
41 32
33 32
42 33
34 33
42 34
35 34
43 35
44 35
45 35
36 35
46 36
37 36
47 37
38 37
47 38
30 38
48 30
49 21
40 21
23 40
41 23
42 41
50 42
43 42
51 43
44 43
45 44
46 45
52 46
47 46
53 47
54 47
48 47
55 48
39 48
56 39
57 49
23 49
58 23
59 23
42 23
60 42
61 42
62 50
51 50
63 51
45 51
64 45
52 45
65 52
53 52
66 53
54 53
67 54
55 54
68 55
48 55
56 48
69 57
58 57
59 58
70 59
60 59
61 60
62 61
61 62
63 62
45 63
64 63
45 64
65 45
71 65
66 65
72 66
67 66
73 67
68 67
74 68
48 68
75 56
58 69
76 58
70 58
77 70
61 70
78 61
79 61
45 61
80 45
81 45
71 45
82 71
72 71
83 72
73 72
74 73
48 74
84 48
75 48
85 75
76 69
77 76
78 77
86 78
61 78
87 61
88 79
80 79
88 80
81 80
82 81
81 82
83 82
89 83
74 83
90 74
91 74
84 74
92 84
85 84
93 76
94 76
95 77
86 77
87 86
88 87
96 88
80 88
80 81
89 81
90 89
97 90
91 90
98 91
92 91
99 92
85 92
100 85
101 93
94 93
102 94
95 94
103 95
86 95
103 86
104 87
96 87
105 96
80 96
106 80
89 80
107 89
97 89
89 97
98 97
108 98
99 98
109 99
100 99
110 100
111 101
102 101
112 102
103 102
113 103
114 103
104 103
114 104
105 104
115 105
116 105
80 105
117 106
107 106
118 107
89 107
119 89
108 89
120 108
109 108
120 109
110 109
120 110
112 111
113 112
112 113
114 113
121 114
115 114
116 115
122 116
80 116
117 80
118 117
123 118
119 118
123 119
120 119
119 120
124 111
125 112
114 112
112 114
126 121
115 121
127 115
122 115
128 122
80 122
129 80
130 117
123 117
119 123
131 119
132 119
125 124
112 125
126 112
127 126
128 127
129 128
130 129
123 130
132 131
119 132
2 3 0 1 2 0 1 3 2 1 3 1 0 1 3 0 3 0 0 3 2 2 3 2 0 2 1 3 0 3 1 0 1 0 3 1 3 1 2 3 3 3 1 2 3 0 1 3 0 3 2 1 2 1 0 1 2 2 3 1 2 3 1 2 1 3 0 2 3 0 2 2 1 0 2 3 2 1 0 0 3 1 0 3 3 2 3 2 1 0 3 0 1 1 3 0 0 2 1 3 0 3 1 2 3 2 2 1 3 1 2 0 2 3 1 3 0 1 3 1 0 2 2 2 2 3 1 2 3 0 3 2 3