126 286
12 0
1 0
13 1
2 1
3 2
4 3
5 4
6 5
5 6
14 6
7 6
8 7
7 8
15 8
9 8
16 9
10 9
16 10
11 10
17 11
18 0
19 12
13 12
20 13
2 13
21 2
22 3
5 3
23 5
24 5
25 5
14 5
7 14
26 7
15 7
27 15
16 15
28 16
17 16
29 17
30 18
19 18
31 19
20 19
31 20
21 20
22 21
23 22
32 23
24 23
33 24
25 24
34 25
7 25
34 7
35 26
27 26
28 27
36 28
37 28
29 28
37 29
38 30
31 30
21 31
39 22
32 22
33 32
40 33
34 33
41 34
42 34
7 34
42 7
35 7
27 35
37 27
36 27
37 36
43 37
31 38
44 31
44 21
39 21
45 39
32 39
45 32
40 32
46 40
41 40
47 41
42 41
47 42
48 42
35 42
49 35
37 35
50 37
51 37
52 38
44 38
53 44
21 44
45 21
21 45
46 45
54 46
47 46
54 47
55 47
48 47
56 48
49 48
57 49
50 49
37 50
58 51
43 51
59 52
44 52
59 44
59 53
21 53
60 21
61 21
62 45
54 45
63 54
55 54
64 55
56 55
65 56
57 56
66 57
37 57
67 37
68 37
58 37
69 58
43 58
70 43
71 59
72 59
60 59
73 60
61 60
74 61
62 61
74 62
63 62
64 63
75 64
65 64
66 65
67 66
66 67
68 67
69 68
76 69
70 69
77 70
78 71
72 71
79 72
80 72
73 72
81 73
74 73
80 74
63 74
82 63
75 63
83 75
66 75
84 66
85 66
68 66
76 68
77 76
86 78
79 78
87 79
80 79
81 80
80 81
63 80
88 63
89 63
90 82
83 82
90 83
84 83
91 84
85 84
68 85
85 68
77 68
92 77
87 86
93 87
80 87
94 80
95 80
88 80
96 88
89 88
97 89
90 89
97 90
91 90
85 91
98 85
99 85
92 85
100 92
101 86
93 86
101 93
94 93
80 94
102 95
96 95
103 96
97 96
104 97
105 97
90 97
106 90
107 91
98 91
108 98
99 98
85 99
100 85
109 100
92 100
110 92
111 101
94 101
111 94
112 94
102 94
113 102
103 102
114 103
104 103
115 104
105 104
116 105
106 105
117 106
107 106
118 107
108 107
99 108
119 99
109 99
110 109
120 101
120 111
121 111
112 111
113 112
114 113
113 114
115 114
113 115
116 115
117 116
122 117
118 117
123 118
99 118
124 99
99 119
109 119
99 109
125 110
121 120
112 121
116 113
122 116
123 122
124 123
99 124
125 99
0 3 2 3 2 1 2 0 3 1 2 1 2 0 3 1 0 3 3 1 2 3 1 3 2 3 3 0 3 0 1 0 2 0 1 1 1 2 3 0 3 0 3 0 1 1 0 2 0 2 3 3 0 0 3 1 2 3 1 3 2 1 3 1 3 0 2 3 0 2 1 0 2 1 2 0 1 2 2 3 0 2 0 2 1 3 3 2 2 0 3 2 1 1 3 2 0 2 1 0 2 0 1 3 0 1 2 0 2 3 0 1 2 3 1 2 0 3 1 1 3 0 2 0 1 2