88 167
9 0
1 0
10 1
2 1
10 2
3 2
11 3
4 3
12 4
5 4
13 5
6 5
14 6
7 6
15 7
8 7
16 8
17 9
10 9
18 10
19 10
11 10
20 11
12 11
21 12
13 12
22 13
14 13
23 14
15 14
23 15
16 15
24 16
25 16
26 17
18 17
27 18
19 18
28 19
20 19
29 20
21 20
30 21
22 21
30 22
23 22
31 23
32 23
24 23
33 24
25 24
34 25
35 26
27 26
35 27
28 27
36 28
29 28
37 29
30 29
38 30
39 30
31 30
40 31
32 31
41 32
33 32
42 33
34 33
43 34
44 35
45 35
36 35
46 36
37 36
47 37
38 37
48 38
39 38
49 39
40 39
50 40
41 40
51 41
42 41
52 42
43 42
53 43
54 44
45 44
55 45
46 45
56 46
47 46
57 47
48 47
58 48
49 48
58 49
50 49
59 50
51 50
60 51
52 51
61 52
53 52
62 54
55 54
62 55
56 55
63 56
57 56
63 57
58 57
64 58
65 58
59 58
66 59
60 59
67 60
61 60
68 61
53 61
69 53
70 62
71 62
63 62
72 63
73 63
64 63
74 64
65 64
75 65
66 65
76 66
67 66
77 67
68 67
78 68
69 68
79 69
80 70
71 70
81 71
72 71
82 72
73 72
83 73
74 73
84 74
75 74
76 75
85 76
77 76
86 77
78 77
87 78
79 78
81 80
82 81
83 82
84 83
75 84
85 75
86 85
87 86
79 87
4 5 4 3 2 6 1 8 2 0 8 7 4 8 2 4 6 3 7 1 0 6 1 7 4 7 4 3 0 8 7 4 8 7 4 5 4 5 0 2 6 7 3 6 6 0 8 6 2 6 4 3 0 5 0 7 5 1 5 1 5 8 6 0 6 0 4 2 1 8 2 3 1 6 1 4 1 4 3 0 0 5 8 4 0 5 0 4