77 153
9 0
1 0
10 1
2 1
11 2
3 2
12 3
4 3
13 4
5 4
14 5
15 5
6 5
16 6
7 6
17 7
8 7
18 8
19 9
10 9
20 10
11 10
21 11
12 11
22 12
13 12
23 13
14 13
24 14
15 14
25 15
16 15
26 16
17 16
18 17
27 18
28 19
20 19
29 20
21 20
30 21
22 21
23 22
31 23
24 23
32 24
25 24
26 25
33 26
17 26
27 17
34 27
35 28
29 28
36 29
30 29
22 30
30 22
31 22
37 31
32 31
38 32
25 32
39 25
33 25
40 33
17 33
40 17
34 17
41 34
36 35
42 36
30 36
43 30
37 30
44 37
38 37
45 38
39 38
46 39
40 39
47 40
48 40
41 40
49 41
50 35
42 35
51 42
43 42
52 43
30 43
52 30
44 30
52 44
45 44
52 45
46 45
47 46
48 47
53 48
49 48
54 49
55 50
51 50
56 51
52 51
57 52
58 52
59 52
46 52
60 46
61 47
53 47
62 53
54 53
63 54
64 55
56 55
65 56
57 56
66 57
58 57
67 58
59 58
68 59
60 59
69 60
61 60
70 61
62 61
71 62
63 62
72 64
65 64
73 65
66 65
58 66
66 58
74 67
68 67
74 68
69 68
75 69
70 69
71 70
63 71
76 63
73 72
66 73
74 66
75 74
71 75
76 71
2 0 4 8 3 5 3 0 8 8 5 7 5 1 8 6 8 2 5 7 2 4 7 0 4 3 6 7 1 7 0 3 1 4 1 8 3 8 0 8 5 7 1 3 6 3 0 6 1 5 5 2 8 4 2 3 6 7 1 5 8 2 6 0 4 7 0 5 0 5 4 2 7 1 3 7 7