76 153
10 0
1 0
10 1
2 1
11 2
3 2
12 3
4 3
13 4
5 4
14 5
6 5
15 6
7 6
16 7
8 7
17 8
9 8
18 9
19 10
20 10
11 10
21 11
12 11
22 12
13 12
23 13
14 13
24 14
15 14
25 15
16 15
17 16
26 17
18 17
27 18
20 19
28 20
21 20
29 21
22 21
30 22
23 22
30 23
24 23
30 24
25 24
16 25
31 16
26 16
32 26
27 26
33 27
34 19
28 19
35 28
29 28
36 29
30 29
37 30
38 30
25 30
31 25
39 31
32 31
40 32
33 32
41 33
35 34
34 35
36 35
42 36
37 36
43 37
38 37
44 38
30 38
45 30
39 25
46 39
40 39
41 40
47 34
48 34
42 34
49 42
43 42
50 43
44 43
50 44
45 44
50 45
25 45
51 25
46 25
52 46
41 46
53 41
54 41
55 47
48 47
56 48
49 48
57 49
50 49
58 50
59 50
51 50
50 51
52 51
60 52
53 52
60 53
54 53
61 54
62 55
56 55
57 56
63 57
58 57
64 58
59 58
65 59
50 59
66 50
60 50
67 60
61 60
68 62
56 62
69 56
63 56
70 63
64 63
71 64
65 64
66 65
72 66
50 66
72 50
67 50
73 67
61 67
74 61
75 61
69 68
70 69
71 70
65 71
72 65
73 72
74 73
75 74
6 0 1 6 4 1 4 5 7 2 5 3 4 1 5 0 1 2 5 3 4 6 0 5 4 3 5 8 1 5 6 2 4 3 6 5 7 2 1 6 1 0 1 8 7 0 8 2 8 3 6 1 0 6 2 7 3 2 7 2 8 6 8 5 6 3 0 4 4 0 8 2 2 5 3 4