83 161
8 0
1 0
9 1
2 1
10 2
3 2
11 3
4 3
12 4
13 4
5 4
14 5
6 5
15 6
7 6
16 7
17 7
18 8
9 8
19 9
10 9
20 10
11 10
21 11
12 11
22 12
13 12
23 13
14 13
23 14
15 14
24 15
16 15
25 16
17 16
26 17
27 18
19 18
28 19
20 19
29 20
21 20
30 21
22 21
31 22
23 22
32 23
24 23
33 24
25 24
33 25
26 25
33 26
34 27
28 27
29 28
35 29
30 29
35 30
31 30
36 31
23 31
37 23
38 32
33 32
38 33
39 33
40 33
41 34
28 34
42 28
35 28
43 35
44 35
36 35
44 36
37 36
45 37
38 37
46 38
47 38
39 38
48 39
40 39
49 40
50 41
42 41
51 42
43 42
44 43
52 44
53 44
45 44
54 45
46 45
55 46
47 46
56 47
48 47
57 48
49 48
58 49
59 50
51 50
60 51
43 51
61 43
52 43
62 52
53 52
63 53
54 53
64 54
55 54
65 55
56 55
66 56
57 56
58 57
67 59
60 59
68 60
61 60
69 61
62 61
70 62
63 62
71 63
64 63
72 64
65 64
73 65
66 65
73 66
57 66
74 57
75 58
76 67
68 67
77 68
69 68
78 69
70 69
79 70
71 70
79 71
72 71
80 72
73 72
80 73
81 73
74 73
75 74
82 75
77 76
78 77
79 78
80 79
81 80
74 81
82 74
0 3 6 5 0 1 3 8 3 2 5 6 5 1 4 6 1 2 8 4 8 0 2 0 4 7 6 7 0 2 4 8 5 1 2 8 7 2 0 7 4 5 6 5 6 3 4 2 8 2 2 8 1 4 7 1 6 2 0 8 0 4 8 6 1 4 7 4 2 5 4 3 4 1 4 3 7 3 6 7 0 8 7