79 150
9 0
1 0
10 1
2 1
11 2
3 2
12 3
4 3
13 4
5 4
6 5
14 6
7 6
15 7
8 7
16 8
17 8
18 9
10 9
19 10
11 10
20 11
12 11
21 12
13 12
22 13
5 13
23 5
14 5
24 14
15 14
25 15
16 15
26 16
17 16
27 17
28 18
19 18
29 19
20 19
30 20
21 20
22 21
23 22
31 23
24 23
32 24
25 24
33 25
26 25
33 26
27 26
34 27
29 28
30 29
35 30
22 30
36 22
37 22
31 22
37 31
32 31
37 32
33 32
38 33
34 33
39 29
35 29
40 35
36 35
37 36
41 37
42 37
38 37
43 38
34 38
44 34
45 34
46 29
47 39
40 39
48 40
37 40
49 37
50 41
42 41
51 42
43 42
52 43
44 43
53 44
45 44
54 45
55 46
47 46
48 47
56 48
37 48
57 37
58 49
50 49
59 50
51 50
60 51
52 51
61 52
53 52
62 53
54 53
63 54
64 55
47 55
65 47
56 47
66 56
57 56
67 57
58 57
68 58
59 58
69 59
60 59
70 60
61 60
71 61
62 61
72 62
63 62
72 63
73 64
65 64
74 65
66 65
75 66
67 66
68 67
69 68
76 69
70 69
77 70
71 70
72 71
78 72
74 73
75 74
67 75
76 68
77 76
71 77
78 71
8 2 8 4 5 7 8 6 8 1 7 0 2 3 3 4 0 2 5 2 1 8 5 0 4 8 7 5 2 6 8 4 5 2 7 1 6 3 6 1 8 0 8 0 6 8 8 6 0 6 3 1 6 7 5 7 8 5 1 2 3 8 5 4 5 8 6 3 7 3 1 5 3 3 7 2 2 4 7