433 964
21 0
1 0
22 1
23 1
2 1
3 2
24 3
4 3
25 4
5 4
26 5
6 5
7 6
27 7
8 7
28 8
9 8
10 9
11 10
29 11
12 11
29 12
30 12
13 12
31 13
14 13
32 14
15 14
33 15
34 15
16 15
35 16
17 16
36 17
37 17
18 17
38 18
19 18
39 19
20 19
40 20
41 21
22 21
23 22
42 23
2 23
43 2
24 2
25 24
26 25
6 26
44 6
27 6
45 27
28 27
46 28
10 28
47 10
29 10
47 29
48 29
30 29
31 30
32 31
49 32
33 32
50 33
34 33
51 34
35 34
52 35
36 35
53 36
37 36
54 37
38 37
55 38
39 38
40 39
22 41
56 22
42 22
56 42
43 42
25 43
57 25
58 26
44 26
59 44
45 44
60 45
46 45
61 46
10 46
62 10
63 47
64 47
48 47
65 48
30 48
66 31
49 31
67 49
50 49
68 50
51 50
69 51
52 51
69 52
53 52
70 53
54 53
55 54
39 55
71 39
71 40
72 41
56 41
73 56
74 56
43 56
75 43
57 43
75 57
25 57
76 25
58 25
77 58
59 58
77 59
60 59
78 60
61 60
79 61
62 61
79 62
63 62
79 63
64 63
80 64
65 64
81 65
30 65
82 30
66 30
83 66
67 66
68 67
67 68
69 68
84 69
85 69
70 69
86 70
54 70
87 54
88 55
71 55
89 71
90 72
73 72
91 73
74 73
75 74
74 75
92 75
76 75
93 76
77 76
94 77
95 77
78 77
96 78
79 78
97 79
98 79
99 79
80 79
81 80
82 81
100 82
83 82
101 83
67 83
102 67
103 67
84 67
104 84
85 84
104 85
86 85
105 86
87 86
106 87
88 87
107 88
89 88
108 89
109 89
110 90
91 90
111 91
74 91
112 74
113 74
92 74
114 92
93 92
115 93
94 93
116 94
95 94
96 95
117 96
97 96
118 97
98 97
119 98
99 98
120 99
80 99
121 80
121 81
100 81
101 100
122 101
102 101
123 102
103 102
123 103
104 103
105 104
104 105
106 105
124 106
107 106
125 107
108 107
126 108
109 108
127 109
128 110
111 110
112 111
111 112
113 112
114 113
129 114
115 114
130 115
116 115
131 116
95 116
117 95
132 117
118 117
133 118
119 118
134 119
120 119
134 120
121 120
135 121
136 121
100 121
122 100
100 122
123 122
137 123
104 123
138 104
139 104
124 104
125 124
126 125
127 126
140 128
111 128
141 111
142 111
113 111
143 113
129 113
144 129
130 129
144 130
131 130
145 131
95 131
145 95
132 95
146 132
133 132
134 133
147 134
135 134
148 135
136 135
148 136
100 136
149 100
150 100
137 100
123 137
151 123
151 104
152 138
139 138
152 139
124 139
153 124
126 124
154 126
155 126
156 127
157 140
141 140
158 141
142 141
143 142
144 143
159 144
160 144
145 144
161 145
146 145
162 146
133 146
147 133
163 147
148 147
164 148
165 148
149 148
166 149
150 149
167 150
137 150
168 137
151 137
169 151
152 151
170 152
153 152
171 153
154 153
172 154
155 154
173 155
156 155
174 156
175 157
158 157
176 158
142 158
177 142
159 143
143 159
160 159
178 160
161 160
145 161
162 145
179 162
133 162
180 133
163 133
181 163
147 163
182 147
164 147
183 164
165 164
184 165
166 165
167 166
166 167
168 167
166 168
151 168
185 151
186 169
152 169
187 152
171 170
172 171
188 172
173 172
189 173
174 173
189 174
176 175
190 176
177 176
191 177
143 177
192 143
193 143
178 143
194 178
161 178
195 161
196 161
179 161
197 179
180 179
198 180
181 180
182 181
199 182
183 182
200 183
184 183
166 184
201 166
202 166
203 166
185 166
204 185
186 185
187 186
171 187
205 171
206 171
188 171
207 188
189 188
208 189
209 189
210 175
190 175
191 190
211 191
192 191
211 192
193 192
212 193
194 193
213 194
195 194
214 195
196 195
215 196
197 196
216 197
198 197
217 198
181 198
199 181
218 199
200 199
218 200
184 200
201 184
219 201
202 201
219 202
203 202
220 203
204 203
221 204
186 204
222 186
223 187
205 187
206 205
207 206
224 207
208 207
225 208
209 208
225 209
226 210
190 210
227 190
211 190
228 211
229 211
212 211
229 212
213 212
229 213
214 213
230 214
215 214
216 215
217 216
216 217
181 217
231 181
218 181
231 218
184 218
218 184
219 184
232 219
220 219
221 220
233 221
222 221
233 222
223 222
234 223
206 223
234 206
235 206
224 206
236 224
225 224
237 225
238 225
239 226
227 226
228 227
240 228
229 228
241 229
242 229
243 229
230 229
215 230
244 215
245 216
231 216
246 231
218 231
247 218
232 218
248 232
219 232
249 219
250 220
233 220
251 233
252 233
234 233
253 234
235 234
254 235
236 235
255 236
237 236
255 237
238 237
256 238
257 239
227 239
258 227
240 227
241 240
240 241
242 241
259 242
243 242
260 243
230 243
260 230
244 230
261 244
245 244
262 245
216 245
263 216
263 231
264 246
247 246
265 247
266 247
248 247
267 248
249 248
268 249
250 249
269 250
251 250
270 251
252 251
270 252
253 252
271 253
272 253
254 253
273 254
255 254
274 255
275 255
256 255
275 256
258 257
240 258
276 240
260 240
259 240
260 259
261 260
277 261
262 261
278 262
263 262
278 263
279 263
264 263
280 264
265 264
266 265
265 266
267 266
281 267
268 267
282 268
269 268
270 269
283 270
271 270
284 271
272 271
273 272
272 273
274 273
272 274
275 274
285 275
286 275
287 258
288 258
276 258
289 276
260 276
290 260
291 260
292 260
277 260
293 277
278 277
294 278
295 278
279 278
296 279
280 279
297 280
265 280
298 265
299 265
281 265
300 281
282 281
269 282
284 283
301 284
272 284
302 272
303 272
304 272
285 272
305 285
286 285
306 286
307 287
288 287
308 288
289 288
309 289
290 289
310 290
291 290
311 291
292 291
312 292
293 292
313 293
294 293
295 294
314 295
296 295
315 296
297 296
316 297
298 297
299 298
317 299
300 299
318 300
282 300
319 282
320 269
283 269
321 283
301 283
283 301
302 301
283 302
303 302
304 303
322 304
305 304
323 305
306 305
324 306
325 307
308 307
326 308
309 308
326 309
310 309
327 310
311 310
328 311
312 311
329 312
292 312
330 292
313 292
331 313
294 313
332 294
314 294
315 314
333 315
316 315
334 316
298 316
335 298
317 298
335 317
318 317
336 318
319 318
336 319
320 319
337 320
321 320
337 321
283 321
338 283
339 283
340 283
303 283
341 303
322 303
342 322
323 322
343 323
324 323
344 324
326 325
345 326
346 326
327 326
346 327
328 327
346 328
329 328
346 329
330 329
347 330
331 330
348 331
332 331
349 332
314 332
350 314
333 314
350 333
334 333
351 334
335 334
352 335
336 335
353 336
337 336
354 337
338 337
355 338
339 338
340 339
356 340
341 340
357 341
342 341
358 342
343 342
359 343
344 343
360 344
361 325
345 325
346 345
345 346
362 346
363 346
347 346
364 347
348 347
365 348
349 348
350 349
366 350
367 350
351 350
368 351
335 351
369 335
370 352
336 352
371 353
337 353
372 337
373 354
355 354
339 355
374 339
356 339
357 356
375 357
358 357
376 358
359 358
377 359
360 359
378 360
379 361
345 361
380 345
381 345
382 345
362 345
383 362
363 362
384 363
364 363
385 364
365 364
385 365
349 365
386 349
366 349
367 366
387 367
368 367
369 368
388 369
370 369
389 370
336 370
390 336
371 336
372 371
373 372
391 373
355 373
392 355
374 355
393 374
356 374
394 356
375 356
395 375
376 375
396 376
377 376
378 377
397 379
380 379
381 380
398 381
382 381
398 382
383 382
399 383
384 383
399 384
385 384
400 385
386 385
401 386
366 386
402 366
387 366
403 387
368 387
404 368
388 368
405 388
389 388
406 389
390 389
407 390
371 390
408 371
408 372
391 372
408 391
392 391
408 392
393 392
409 393
394 393
410 394
395 394
411 395
396 395
412 396
378 396
413 378
414 378
415 397
380 397
416 380
398 380
416 398
417 398
399 398
418 399
419 399
400 399
420 400
385 400
421 385
401 385
422 401
402 401
423 402
403 402
424 403
404 403
425 404
405 404
426 405
406 405
407 406
427 407
408 407
428 408
429 408
430 408
409 408
431 409
410 409
411 410
432 411
412 411
413 412
414 413
413 414
416 415
417 416
418 417
419 418
420 419
421 420
422 421
423 422
424 423
425 424
426 425
406 426
427 406
428 427
429 428
430 429
431 430
410 431
432 410
413 432
2 3 5 0 3 4 5 0 5 4 5 2 3 1 4 3 0 3 2 1 2 1 5 1 1 2 3 1 4 4 2 3 2 5 4 1 4 0 4 2 0 4 4 1 2 0 3 2 1 4 2 5 0 1 3 5 0 5 4 5 1 5 2 5 1 0 5 1 5 1 2 4 3 5 3 2 4 1 4 0 5 4 3 0 5 2 5 0 2 1 1 4 4 2 0 4 3 4 3 2 5 3 2 0 3 2 1 5 0 2 3 1 4 5 3 0 2 5 3 1 5 1 0 5 2 3 5 0 4 4 2 0 3 5 2 5 0 3 4 0 0 5 2 4 3 2 1 1 2 1 2 0 2 4 2 1 4 5 1 0 4 0 0 3 4 0 3 4 2 4 4 5 0 4 1 3 0 3 5 2 1 5 3 2 1 5 3 1 2 5 2 0 3 0 1 2 5 4 2 4 5 2 4 5 2 4 0 5 4 0 4 5 1 5 4 0 2 3 2 0 4 0 1 2 2 5 5 4 1 3 5 1 5 2 4 5 1 0 4 3 5 1 0 4 3 0 2 5 2 4 3 1 5 0 2 5 2 1 3 2 1 2 3 5 1 3 4 0 1 0 2 4 2 3 1 3 0 3 4 2 5 1 4 5 3 1 5 0 1 3 2 4 2 4 2 1 5 4 2 1 2 1 3 4 1 4 3 2 0 2 3 1 0 3 4 1 5 3 4 0 5 1 5 3 5 5 3 5 3 5 4 0 5 0 4 5 3 2 1 2 1 0 1 2 3 2 4 0 4 2 1 2 2 5 1 0 4 5 2 0 4 0 1 0 4 5 4 3 4 0 5 4 1 5 3 3 4 1 3 3 1 3 1 3 1 0 5 5 5 2 1 2 1 0 3 4 0 5 0 2 1 2 0 3 0 3 4 5 3 5 2 0 2 4 1 1 2 1 0 3 5 1 4 1 2 4 1 2 4 1 5 3 5