425 929
23 0
1 0
24 1
2 1
25 2
3 2
25 3
4 3
26 4
5 4
27 5
6 5
28 6
7 6
28 7
8 7
29 8
9 8
30 9
10 9
31 10
32 10
11 10
12 11
33 12
13 12
34 13
14 13
34 14
15 14
35 15
16 15
17 16
18 17
36 18
19 18
36 19
20 19
37 20
21 20
22 21
38 22
39 23
24 23
40 24
25 24
41 25
27 25
26 25
27 26
28 27
42 28
43 28
29 28
44 29
30 29
45 30
31 30
12 31
32 31
12 32
46 12
46 33
34 33
47 34
48 34
35 34
16 35
49 16
50 17
36 17
51 36
52 36
37 36
53 37
21 37
54 21
38 21
55 38
56 39
40 39
57 40
41 40
58 41
27 41
59 27
60 27
42 27
61 42
43 42
62 43
44 43
63 44
45 44
64 45
12 45
65 12
66 12
67 12
68 46
47 46
69 47
48 47
70 48
35 48
70 35
49 35
50 49
71 50
51 50
72 51
52 51
73 52
53 52
74 53
54 53
55 54
75 55
76 56
57 56
77 57
58 57
27 58
78 27
79 59
60 59
80 60
61 60
81 61
62 61
82 62
63 62
64 63
63 64
65 64
83 65
66 65
83 66
67 66
84 67
68 67
85 68
46 68
86 46
69 46
70 69
87 70
49 70
88 49
71 49
88 71
72 71
89 72
73 72
90 73
74 73
91 74
54 74
92 54
75 54
93 75
94 76
77 76
94 77
58 77
95 58
78 58
96 78
79 78
97 79
80 79
98 80
81 80
99 81
82 81
100 82
63 82
100 63
83 63
101 83
102 83
84 83
103 84
85 84
104 85
86 85
105 86
70 86
106 70
107 70
107 87
88 87
108 88
109 88
89 88
110 89
90 89
111 90
91 90
112 91
92 91
113 92
93 92
113 93
114 94
115 94
95 94
116 95
96 95
117 96
97 96
118 97
98 97
119 98
99 98
120 99
100 99
121 100
122 100
123 100
101 100
124 101
102 101
103 102
104 103
125 104
105 104
106 105
107 106
126 107
108 107
109 108
110 109
111 110
127 111
112 111
128 112
113 112
129 113
130 114
115 114
131 115
116 115
131 116
117 116
132 117
118 117
119 118
133 119
120 119
134 120
121 120
135 121
122 121
136 122
123 122
136 123
124 123
136 124
103 124
136 103
137 103
125 103
105 125
125 105
138 106
126 106
139 126
107 126
140 108
110 108
141 110
142 110
127 110
143 127
128 127
143 128
129 128
144 129
145 130
131 130
145 131
146 131
132 131
147 132
118 132
147 118
133 118
148 133
134 133
149 134
135 134
136 135
150 136
151 136
137 136
152 137
125 137
152 125
138 125
139 138
138 139
107 139
153 107
140 107
154 140
141 140
155 141
142 141
156 142
143 142
157 143
144 143
158 144
159 144
160 145
161 145
146 145
162 146
147 146
163 147
148 147
164 148
149 148
164 149
135 149
165 135
166 136
166 150
151 150
166 151
152 151
167 152
138 152
168 138
169 138
153 138
170 153
154 153
155 154
171 155
156 155
172 156
143 156
173 157
158 157
174 158
159 158
175 159
176 160
161 160
177 161
162 161
177 162
163 162
177 163
164 163
178 164
179 164
165 164
180 165
166 165
181 166
182 166
183 166
167 166
183 167
138 167
184 138
185 138
169 168
186 169
170 169
186 170
154 170
187 154
171 154
188 171
172 171
189 172
143 172
190 143
173 143
191 173
174 173
192 174
175 174
193 175
194 176
177 176
195 177
196 177
197 177
178 177
198 178
179 178
199 179
180 179
199 180
166 180
200 181
182 181
201 182
183 182
202 183
184 183
185 184
184 185
168 185
203 168
186 168
204 186
187 186
205 187
188 187
206 188
189 188
207 189
190 189
208 190
191 190
209 191
192 191
210 192
193 192
211 193
177 194
212 177
213 195
196 195
214 196
197 196
215 197
198 197
216 198
199 198
217 199
166 199
217 166
200 166
218 200
201 200
219 201
202 201
183 202
220 184
203 184
221 203
186 203
222 186
205 204
206 205
223 206
207 206
224 207
208 207
225 208
209 208
226 209
210 209
227 210
211 210
228 211
212 194
229 212
213 212
230 213
214 213
230 214
215 214
231 215
216 215
231 216
199 216
232 199
233 217
234 217
218 217
235 218
219 218
235 219
183 219
236 183
220 183
237 220
221 220
222 221
205 222
238 205
223 205
239 223
224 223
240 224
225 224
241 225
226 225
242 226
227 226
243 227
228 227
244 228
245 194
229 194
246 229
230 229
247 230
231 230
248 231
249 231
232 231
250 232
233 232
251 233
234 233
252 234
235 234
253 235
236 235
254 236
220 236
255 220
256 237
222 237
257 222
257 205
239 238
258 239
240 239
259 240
241 240
260 241
242 241
260 242
243 242
261 243
244 243
261 244
262 245
246 245
263 246
247 246
264 247
265 247
248 247
266 248
249 248
266 249
250 249
267 250
251 250
267 251
252 251
253 252
268 253
269 253
254 253
270 254
220 254
271 220
272 255
256 255
273 256
222 256
274 257
238 257
275 238
258 238
275 258
259 258
276 259
260 259
277 260
278 260
261 260
278 261
279 261
280 262
263 262
281 263
264 263
265 264
282 265
266 265
283 266
284 266
267 266
285 267
252 267
285 252
268 252
286 268
269 268
287 269
270 269
288 270
271 270
289 271
272 271
290 272
273 272
291 273
222 273
292 222
274 222
292 274
293 274
275 274
293 275
294 275
276 275
295 276
277 276
296 277
278 277
297 278
279 278
298 279
299 280
281 280
264 281
300 264
282 264
301 282
283 282
302 283
284 283
302 284
285 284
303 285
304 285
286 285
287 286
288 287
287 288
289 288
290 289
305 290
291 290
292 291
306 292
293 292
307 293
308 293
294 293
309 294
295 294
310 295
296 295
311 296
297 296
312 297
278 297
312 278
298 278
313 298
281 299
300 281
301 300
314 301
302 301
315 302
303 302
286 303
285 303
286 304
316 287
317 287
289 287
318 289
305 289
319 305
291 305
320 291
306 291
321 306
322 306
307 306
323 307
308 307
324 308
309 308
325 309
310 309
311 310
326 311
312 311
327 312
328 312
313 312
329 313
330 281
331 281
332 300
314 300
333 314
315 314
334 315
335 315
286 315
336 286
337 286
316 286
338 316
317 316
339 317
318 317
340 318
319 318
341 319
320 319
342 320
321 320
343 321
322 321
344 322
323 322
344 323
324 323
345 324
325 324
346 325
310 325
347 310
326 310
348 326
327 326
349 327
328 327
329 328
350 329
351 330
331 330
352 331
332 331
353 332
333 332
353 333
334 333
353 334
335 334
336 335
354 336
337 336
286 337
338 286
355 338
339 338
356 339
340 339
357 340
341 340
358 341
342 341
359 342
343 342
344 343
360 344
345 344
346 345
347 346
361 347
348 347
349 348
362 349
328 349
363 328
350 328
364 350
365 351
352 351
353 352
366 353
367 353
335 353
368 335
354 335
369 354
336 354
369 336
370 337
371 286
355 286
371 355
356 355
357 356
372 357
358 357
373 358
359 358
374 359
344 359
375 344
345 360
376 345
377 346
361 346
378 361
348 361
379 348
362 348
379 362
363 362
380 363
364 363
381 364
382 365
352 365
366 352
383 366
353 366
384 353
368 367
385 368
369 368
386 369
387 369
370 369
388 370
371 370
389 371
356 371
390 356
372 356
390 372
373 372
374 373
373 374
375 374
373 375
360 375
391 360
392 360
376 360
393 376
377 376
393 377
378 377
394 378
379 378
380 379
395 380
381 380
396 381
397 382
352 382
398 352
383 352
384 383
383 384
367 384
399 367
385 367
400 385
386 385
401 386
387 386
402 387
388 387
403 388
371 388
403 371
404 389
390 389
405 390
406 390
373 390
407 373
391 373
408 391
392 391
409 392
393 392
409 393
410 393
394 393
411 394
379 394
412 379
395 379
413 395
396 395
414 396
415 397
398 397
416 398
383 398
417 383
399 383
400 399
401 400
402 401
403 402
418 403
404 403
419 404
405 404
420 405
406 405
373 406
406 373
406 407
373 407
421 373
408 373
422 408
409 408
423 409
379 409
410 409
379 410
411 410
379 411
413 412
424 413
414 413
424 414
416 415
417 416
399 417
401 399
418 402
419 418
420 419
406 420
421 406
422 421
423 422
379 423
424 412
1 0 3 0 1 4 3 0 3 2 4 3 2 3 5 2 4 1 2 1 4 1 2 2 3 5 3 1 5 4 1 3 1 3 2 0 5 0 3 3 0 3 3 1 5 3 4 1 3 5 0 2 1 5 3 0 2 3 2 2 3 0 3 1 0 1 3 4 5 0 2 3 1 5 0 4 5 4 5 1 4 2 0 0 2 0 5 5 1 5 2 1 4 5 1 5 2 0 2 1 2 5 1 4 5 0 5 0 2 5 3 0 4 1 0 3 4 0 3 1 5 1 0 4 0 3 1 4 1 3 3 0 5 5 2 0 1 2 2 4 1 5 0 5 1 5 1 0 1 3 0 3 4 3 0 4 1 3 4 0 3 0 4 2 5 2 4 3 5 1 5 5 4 0 3 4 2 3 0 4 1 5 2 5 1 4 3 5 2 0 2 5 2 5 1 2 1 2 5 2 0 1 0 0 5 2 3 4 5 0 1 3 2 1 4 5 0 0 4 0 0 3 1 4 0 4 5 3 5 3 0 3 0 2 1 5 2 5 1 0 4 3 0 2 3 4 5 1 2 5 2 1 5 0 1 4 2 4 2 5 2 5 3 0 4 5 3 4 4 2 0 3 1 0 5 3 1 5 1 4 0 5 3 5 4 1 5 1 5 0 5 3 4 1 4 3 0 3 2 2 0 4 2 0 0 2 0 2 4 2 0 3 4 0 3 1 2 5 4 0 1 3 2 1 2 1 4 5 0 5 4 2 1 0 4 2 3 4 4 0 5 4 0 2 0 4 3 1 3 1 1 5 4 3 1 1 5 3 0 2 2 5 0 1 3 3 0 0 4 2 0 2 0 3 5 1 3 0 1 5 3 2 0 2 5 2 4 0 3 4 1 5 0 5 4 4 0 5 1 4 1 0 4 5 1 0 2 1 4 3 4 0 3 1 4 0 5 3 3 2 5 0 3 2 0