412 933
19 0
1 0
19 1
2 1
20 2
3 2
4 3
3 4
21 4
5 4
22 5
6 5
23 6
7 6
24 7
8 7
24 8
25 8
26 8
9 8
27 9
28 9
10 9
29 10
11 10
30 11
12 11
31 12
13 12
32 13
14 13
33 14
15 14
33 15
16 15
33 16
17 16
18 17
34 18
35 18
36 18
37 19
20 19
38 20
3 20
39 3
40 3
21 3
41 21
22 21
42 22
23 22
43 23
24 23
44 24
25 24
45 25
26 25
46 26
27 26
47 27
28 27
47 28
29 28
30 29
48 30
31 30
49 31
32 31
50 32
33 32
51 33
52 33
17 33
53 17
34 17
35 34
54 35
36 35
55 36
56 19
57 37
38 37
58 38
39 38
40 39
39 40
41 40
59 41
42 41
43 42
44 43
60 44
61 44
45 44
62 45
46 45
63 46
47 46
64 47
29 47
65 29
48 29
66 48
49 48
67 49
50 49
68 50
51 50
69 51
33 51
70 33
71 52
53 52
72 53
34 53
73 34
54 34
55 54
74 55
75 56
57 56
58 57
76 58
39 58
77 39
59 39
78 59
43 59
79 43
60 43
80 60
61 60
81 61
62 61
63 62
82 63
47 63
83 47
84 64
65 64
84 65
66 65
85 66
67 66
86 67
68 67
87 68
69 68
88 69
70 69
89 70
71 70
90 71
72 71
91 72
73 72
54 73
73 54
74 54
92 74
93 75
57 75
94 57
76 57
39 76
76 39
95 77
78 77
96 78
79 78
97 79
98 79
80 79
81 80
80 81
62 81
99 62
82 62
100 82
83 82
101 83
84 83
101 84
85 84
102 85
86 85
87 86
103 87
88 87
104 88
89 88
105 89
90 89
106 90
91 90
107 91
73 91
108 73
109 73
92 73
110 92
111 93
94 93
112 94
76 94
113 76
114 76
95 76
115 95
96 95
116 96
97 96
116 97
98 97
117 98
80 98
117 80
118 80
99 80
100 99
101 100
119 101
120 101
84 101
121 84
102 84
122 102
86 102
123 86
103 86
124 103
104 103
125 104
105 104
126 105
106 105
126 106
107 106
127 107
108 107
127 108
109 108
128 109
110 109
129 110
130 111
112 111
131 112
113 112
132 113
114 113
115 114
133 115
116 115
133 116
134 116
117 116
135 117
136 117
118 117
137 118
100 118
137 100
138 100
119 100
139 119
120 119
140 120
121 120
140 121
122 121
141 122
123 122
142 123
124 123
142 124
125 124
143 125
126 125
144 126
127 126
145 127
128 127
146 128
129 128
147 129
131 130
132 131
114 132
148 114
133 114
149 133
134 133
135 134
134 135
136 135
150 136
137 136
151 137
152 137
138 137
153 138
139 138
154 139
140 139
155 140
141 140
156 141
142 141
156 142
157 142
143 142
158 143
144 143
159 144
126 144
160 126
145 126
127 145
146 127
127 146
147 146
161 130
148 132
162 148
149 148
163 149
164 149
134 149
165 134
166 134
150 134
167 150
151 150
168 151
152 151
153 152
154 153
140 154
169 140
156 155
170 156
157 156
158 157
157 158
159 158
157 159
160 159
127 160
171 127
147 127
171 147
172 161
131 161
173 131
174 132
162 132
174 162
163 162
175 163
164 163
176 164
165 164
177 165
166 165
178 166
167 166
179 167
168 167
180 168
152 168
180 152
181 153
181 154
169 154
155 169
182 155
183 156
183 170
157 170
184 157
185 157
160 157
185 160
186 127
187 171
188 171
189 172
173 172
190 173
174 173
191 174
192 174
175 174
193 175
176 175
177 176
176 177
178 177
179 178
194 179
180 179
195 180
181 180
196 181
197 181
169 181
198 169
182 169
199 182
183 182
184 183
200 184
185 184
201 185
202 185
186 185
203 186
204 186
187 186
205 187
188 187
206 188
190 189
191 190
207 191
192 191
208 192
193 192
209 193
176 193
210 176
211 176
178 176
212 178
194 178
213 194
195 194
214 195
196 195
197 196
215 197
198 197
199 198
216 199
183 199
216 183
217 183
200 183
202 200
201 200
202 201
203 202
202 203
204 203
202 204
205 204
218 205
206 205
219 206
220 190
207 190
221 207
208 207
222 208
209 208
222 209
210 209
223 210
211 210
223 211
212 211
224 212
213 212
225 213
214 213
226 214
215 214
196 214
215 196
198 215
227 198
216 198
228 216
229 216
217 216
230 217
200 217
230 200
231 202
232 202
233 202
234 202
218 202
235 218
219 218
235 219
236 220
221 220
222 221
237 222
238 222
223 222
239 223
240 223
224 223
240 224
225 224
226 225
241 226
215 226
242 215
243 215
227 215
228 227
229 228
244 229
230 229
245 230
246 230
231 230
232 231
247 232
202 232
248 202
249 233
234 233
235 234
250 235
251 190
236 190
252 236
221 236
252 221
237 221
253 237
238 237
254 238
239 238
255 239
240 239
255 240
256 240
225 240
257 225
241 225
258 241
242 241
259 242
243 242
260 243
261 243
227 243
262 227
263 228
244 228
264 244
245 244
265 245
246 245
265 246
231 246
266 231
247 231
267 247
248 247
267 248
249 248
234 249
249 234
250 234
268 250
235 250
268 235
269 251
252 251
270 252
253 252
270 253
254 253
271 254
255 254
272 255
256 255
273 256
257 256
274 257
258 257
275 258
259 258
276 259
260 259
261 260
260 261
262 261
277 262
263 262
278 263
264 263
279 264
265 264
280 265
266 265
265 266
267 266
281 267
282 267
249 267
283 249
284 249
268 249
285 268
286 268
287 269
252 269
287 252
288 270
271 270
272 271
289 272
290 272
273 272
291 273
274 273
292 274
275 274
293 275
276 275
260 276
294 260
277 260
294 277
278 277
279 278
278 279
280 279
295 280
265 280
296 265
297 265
281 265
282 281
281 282
283 282
298 283
284 283
285 284
299 285
286 285
300 286
301 287
288 287
271 288
289 271
302 289
290 289
303 290
291 290
303 291
292 291
304 292
293 292
305 293
260 293
305 260
306 260
306 294
307 294
278 294
308 278
295 278
309 295
296 295
309 296
297 296
281 297
310 281
298 281
311 298
284 298
312 284
299 284
300 299
313 300
287 301
314 287
271 287
314 271
302 271
315 302
303 302
316 303
317 303
304 303
318 304
305 304
319 305
306 305
305 306
307 306
306 307
308 307
320 308
278 308
321 278
309 278
322 309
323 309
297 309
324 297
310 297
325 310
311 310
312 311
311 312
299 312
326 299
313 299
327 313
328 301
314 301
329 314
271 314
330 271
331 271
315 271
316 315
332 316
317 316
333 317
318 317
319 318
318 319
305 319
318 305
334 305
335 306
336 306
320 306
337 320
321 320
338 321
322 321
339 322
323 322
340 323
324 323
341 324
310 324
342 310
342 325
311 325
343 311
326 311
344 326
327 326
345 327
346 328
314 328
346 314
346 329
330 329
331 330
347 331
315 331
348 315
332 315
349 332
333 332
350 333
318 333
351 318
352 318
353 318
334 318
354 334
335 334
355 335
336 335
356 336
337 336
356 337
338 337
357 338
339 338
358 339
340 339
359 340
341 340
359 341
342 341
359 342
360 342
343 342
361 343
311 343
362 311
344 311
345 344
363 345
364 346
365 346
330 346
366 330
347 330
367 347
348 347
368 348
349 348
369 349
350 349
370 350
351 350
371 351
352 351
372 352
353 352
372 353
354 353
373 354
355 354
356 355
374 356
375 356
357 356
358 357
376 358
359 358
377 359
360 359
378 360
361 360
378 361
362 361
379 362
344 362
380 344
363 344
381 363
382 364
346 364
366 365
367 366
383 367
368 367
384 368
369 368
385 369
370 369
371 370
386 371
372 371
387 372
388 372
373 372
389 373
355 373
374 355
355 374
375 374
390 375
357 375
391 357
376 357
392 376
359 376
393 377
359 377
394 359
378 359
379 378
395 379
380 379
396 380
381 380
396 381
397 382
365 382
398 365
383 366
399 383
384 383
385 384
400 385
370 385
401 370
386 370
402 386
387 386
403 387
388 387
404 388
389 388
405 389
355 389
406 355
407 355
390 355
407 390
391 390
407 391
392 391
359 392
408 359
393 359
409 393
394 393
409 394
378 394
409 378
395 378
410 395
396 395
410 396
411 396
398 397
365 398
399 366
384 399
400 384
401 400
402 401
403 402
404 403
405 404
406 405
407 406
392 407
408 392
409 408
410 409
411 410
5 4 0 5 4 5 0 1 3 4 3 4 0 3 5 3 4 5 1 1 2 1 3 2 0 1 0 1 2 4 0 5 1 0 4 3 5 0 5 3 4 3 4 3 4 2 3 5 3 2 5 4 2 3 2 1 2 5 2 2 5 2 3 0 4 0 2 0 4 1 4 3 2 0 0 4 1 2 5 1 0 4 1 3 1 5 4 0 2 5 0 5 5 3 0 5 0 2 4 2 3 5 2 2 4 2 1 2 5 1 0 4 1 2 3 4 1 3 5 2 4 3 1 5 3 2 0 3 4 5 3 5 4 5 3 0 5 1 0 4 5 4 2 4 5 5 2 1 0 2 1 5 2 3 2 4 0 4 2 1 2 1 5 0 3 0 5 0 1 3 5 5 0 2 1 3 1 4 2 4 5 4 1 4 1 3 2 1 0 2 4 2 4 2 3 2 1 0 5 0 3 1 2 5 3 5 2 0 3 4 5 0 3 0 5 3 1 5 3 4 5 4 0 1 0 3 1 1 0 2 4 0 1 1 3 0 0 1 2 0 5 4 1 0 3 1 2 2 3 0 4 3 2 0 5 4 0 5 2 5 1 2 3 2 5 0 2 4 1 5 3 4 3 2 3 4 0 5 0 2 1 5 1 5 1 3 4 3 2 2 5 3 5 0 2 2 5 1 4 5 1 0 3 0 4 2 0 4 3 3 0 3 4 4 5 1 5 4 3 1 4 5 2 1 2 4 2 3 1 1 2 0 3 1 0 2 5 2 0 4 3 0 5 2 5 1 3 3 4 5 0 2 4 0 2 1 4 5 0 1 2 3 0 4 1 0 5 0 2 0 3 5 1 3 5 2 3 5 5 3 2 0 2 1 3 2 1 0 4 2 4 0 4 0 3 2 4 0 2 4 5 2 5 3 2 0 5 3 2 4 5 2