429 951
22 0
1 0
22 1
2 1
3 2
4 3
23 4
5 4
24 5
6 5
24 6
25 6
7 6
26 7
8 7
9 8
27 9
10 9
28 10
11 10
29 11
12 11
30 12
13 12
31 13
14 13
31 14
32 14
15 14
33 15
16 15
34 16
17 16
35 17
18 17
36 18
19 18
37 19
20 19
38 20
21 20
39 21
40 22
3 22
41 3
23 3
42 23
24 23
43 24
44 24
25 24
45 25
26 25
8 26
26 8
46 27
28 27
47 28
29 28
48 29
30 29
49 30
31 30
50 31
51 31
32 31
52 32
33 32
34 33
53 34
35 34
53 35
36 35
54 36
37 36
55 37
38 37
55 38
39 38
56 39
57 40
22 40
58 22
41 22
59 41
3 41
60 3
42 3
61 42
43 42
62 43
44 43
63 44
45 44
64 45
26 45
65 26
66 26
9 26
67 9
46 9
68 46
47 46
69 47
48 47
70 48
49 48
71 49
50 49
72 50
51 50
73 51
52 51
74 52
33 52
75 33
53 33
76 53
54 53
77 54
55 54
77 55
78 55
56 55
79 56
80 57
58 57
81 58
59 58
82 59
60 59
82 60
61 60
62 61
63 62
62 63
64 63
83 64
65 64
84 65
66 65
67 66
68 67
85 68
69 68
86 69
70 69
87 70
71 70
88 71
72 71
89 72
73 72
89 73
74 73
90 74
75 74
76 75
91 76
77 76
91 77
78 77
92 78
79 78
92 79
81 80
93 81
82 81
94 82
61 82
94 61
95 62
83 62
96 83
84 83
67 84
97 67
85 67
98 85
86 85
98 86
87 86
98 87
88 87
99 88
89 88
99 89
100 89
90 89
101 90
75 90
102 75
103 76
104 91
105 91
77 91
92 77
77 92
106 92
93 80
107 93
82 93
107 82
108 94
109 94
62 94
110 62
111 95
96 95
84 96
112 84
97 84
113 97
114 97
98 97
114 98
115 98
116 98
99 98
117 99
118 99
100 99
119 100
101 100
120 101
102 101
121 102
103 102
122 103
104 103
123 104
105 104
124 105
77 105
125 77
126 77
106 77
127 80
107 80
108 107
128 108
109 108
129 109
110 109
130 110
111 110
131 111
96 111
131 96
112 96
132 112
113 112
132 113
114 113
133 114
134 114
115 114
135 115
116 115
136 116
117 116
137 117
118 117
137 118
119 118
138 119
120 119
139 120
121 120
140 121
122 121
141 122
123 122
141 123
124 123
142 124
125 124
143 125
126 125
144 126
106 126
145 106
146 127
107 127
147 107
128 107
148 128
129 128
149 129
130 129
149 130
131 130
150 131
132 131
131 132
151 132
133 132
152 133
134 133
153 134
135 134
154 135
136 135
154 136
137 136
155 137
156 137
138 137
157 138
139 138
157 139
140 139
158 140
141 140
159 141
160 141
142 141
161 142
143 142
162 143
144 143
163 144
145 144
164 145
147 146
107 147
165 107
148 107
166 148
149 148
167 149
168 149
150 149
169 150
131 150
170 131
171 131
151 131
152 151
153 152
154 153
172 154
155 154
173 155
156 155
174 156
157 156
175 157
158 157
157 158
159 158
157 159
160 159
176 160
161 160
177 161
162 161
178 162
163 162
179 163
164 163
180 164
181 146
181 147
165 147
182 165
166 165
183 166
167 166
184 167
168 167
185 168
169 168
185 169
170 169
186 170
171 170
152 171
187 152
188 153
189 154
189 172
173 172
190 173
174 173
191 174
175 174
192 175
157 175
193 157
176 157
177 176
176 177
178 177
194 178
179 178
180 179
195 180
196 181
182 181
197 182
183 182
198 183
184 183
185 184
199 185
186 185
200 186
171 186
200 171
201 152
202 187
188 187
203 188
189 188
204 189
205 189
190 189
206 190
191 190
207 191
192 191
208 192
193 192
209 193
176 193
210 176
211 176
212 176
194 176
179 194
213 179
195 179
214 195
215 196
197 196
198 197
197 198
184 198
216 184
199 184
217 199
200 199
218 200
219 200
201 200
220 201
202 201
203 202
221 203
204 203
222 204
205 204
223 205
206 205
224 206
207 206
225 207
208 207
225 208
209 208
193 209
210 193
193 210
211 210
226 211
212 211
227 212
194 212
228 194
213 194
229 213
214 213
230 214
231 215
232 215
197 215
233 197
234 197
216 197
235 216
217 216
236 217
218 217
219 218
237 219
220 219
238 220
202 220
239 202
221 202
240 221
222 221
240 222
223 222
224 223
241 224
225 224
241 225
193 225
241 193
242 193
243 193
226 193
244 226
227 226
245 227
228 227
246 228
229 228
230 229
247 230
248 231
232 231
249 232
233 232
250 233
234 233
251 234
235 234
217 235
235 217
218 236
252 218
237 218
253 237
238 237
239 238
238 239
240 239
254 240
255 240
223 240
256 223
241 223
257 241
258 241
259 241
242 241
260 242
243 242
244 243
245 244
246 245
261 246
229 246
262 229
247 229
263 247
264 248
249 248
265 249
250 249
266 250
251 250
235 251
267 235
268 235
236 235
268 236
252 236
269 252
253 252
270 253
238 253
271 238
272 238
254 238
272 254
255 254
273 255
256 255
273 256
257 256
273 257
258 257
274 258
259 258
275 259
260 259
243 260
260 243
276 244
277 245
261 245
278 261
262 261
278 262
263 262
279 263
265 264
280 265
266 265
281 266
251 266
281 251
267 251
282 267
268 267
283 268
269 268
284 269
270 269
285 270
271 270
272 271
286 272
273 272
287 273
257 273
274 257
288 274
275 274
289 275
260 275
289 260
290 260
276 260
291 276
277 276
278 277
292 278
279 278
293 279
294 264
280 264
295 280
281 280
296 281
282 281
296 282
283 282
297 283
284 283
298 284
285 284
299 285
271 285
300 271
286 271
301 286
272 286
302 272
287 272
302 287
303 287
273 287
288 257
304 288
289 288
305 289
290 289
306 290
291 290
307 291
277 291
307 277
292 277
308 292
278 292
309 278
293 278
310 293
311 294
295 294
296 295
312 296
313 296
283 296
314 283
315 297
298 297
299 298
316 299
300 299
317 300
301 300
318 301
302 301
319 302
303 302
320 303
257 303
321 257
322 257
304 257
323 304
305 304
323 305
289 305
324 289
306 289
325 306
307 306
326 307
327 307
308 307
328 308
309 308
310 309
329 311
296 311
329 296
330 296
331 312
313 312
314 313
332 314
315 314
298 315
315 298
316 298
333 316
317 316
334 317
318 317
302 318
335 302
335 319
320 319
336 320
321 320
337 321
322 321
338 322
323 322
339 323
340 323
324 323
341 324
325 324
342 325
326 325
327 326
328 327
343 328
309 328
343 309
344 310
345 329
346 329
330 329
346 330
331 330
347 331
313 331
348 313
332 313
349 332
315 332
350 315
351 315
333 315
352 333
334 333
353 334
318 334
354 318
335 318
355 335
336 335
356 336
337 336
357 337
338 337
339 338
358 339
340 339
359 340
341 340
342 341
360 342
327 342
361 327
362 327
343 327
362 343
344 343
363 344
364 345
346 345
365 346
366 346
347 346
367 347
348 347
368 348
349 348
369 349
350 349
351 350
370 351
352 351
370 352
353 352
371 353
354 353
372 354
355 354
335 355
373 335
356 335
374 356
357 356
375 357
338 357
376 338
358 338
377 358
359 358
378 359
341 359
379 341
360 341
361 360
362 361
380 362
381 362
382 362
363 362
383 363
384 364
365 364
385 365
366 365
386 366
367 366
368 367
369 368
350 369
369 350
370 350
369 370
387 370
371 370
388 371
372 371
389 372
355 372
389 355
373 355
390 373
374 373
391 374
375 374
392 375
376 375
392 376
377 376
378 377
379 378
378 379
361 379
378 361
380 361
393 380
381 380
394 381
382 381
394 382
383 382
394 383
395 384
385 384
395 385
386 385
396 386
368 386
397 368
398 369
399 369
387 369
400 387
388 387
401 388
389 388
402 389
390 389
403 390
391 390
404 391
392 391
405 392
378 392
405 378
406 378
407 378
361 378
408 361
393 361
409 393
394 393
409 394
410 394
411 395
396 395
412 396
397 396
413 397
414 397
398 397
414 398
369 398
415 369
400 399
416 400
401 400
417 401
402 401
418 402
403 402
419 403
404 403
419 404
392 404
420 392
421 405
422 405
406 405
423 406
378 406
408 407
424 408
409 408
425 409
426 409
410 409
427 410
394 410
428 394
395 411
412 395
413 412
414 413
415 414
399 415
416 399
417 416
418 417
402 418
419 402
420 419
421 420
422 421
423 422
378 423
424 407
425 424
426 425
427 426
428 427
5 3 5 1 2 4 1 5 0 3 5 4 3 2 5 4 0 5 4 5 2 5 2 5 2 4 2 1 3 1 4 3 1 5 2 0 5 1 0 4 4 0 4 3 0 5 5 4 2 0 2 5 2 1 2 4 0 1 0 3 4 0 1 5 2 3 0 2 3 2 0 1 0 4 3 4 2 5 3 4 4 3 1 0 1 5 3 5 0 1 2 4 1 2 2 0 4 3 0 5 4 5 3 0 1 0 0 3 1 4 0 5 0 5 2 1 3 1 3 5 1 4 1 3 5 2 3 1 0 5 2 3 4 3 5 3 0 4 3 5 2 0 3 0 4 5 2 1 5 3 1 5 2 0 1 5 1 4 0 1 2 4 3 5 1 0 2 5 1 0 5 4 0 4 3 0 3 2 1 3 4 4 3 1 2 5 0 5 2 4 0 5 4 5 2 2 2 4 3 0 3 5 2 4 3 5 1 4 5 0 2 4 1 5 3 0 1 2 0 2 3 3 4 3 5 0 2 0 4 3 1 1 2 0 2 0 5 4 2 3 0 1 3 2 3 2 5 4 5 3 5 1 2 5 4 2 0 5 0 2 4 0 5 1 0 5 3 5 2 4 3 4 5 1 4 3 0 4 2 5 2 4 1 0 2 1 3 3 0 2 0 3 0 1 5 0 2 4 3 2 1 2 1 4 2 1 4 1 5 1 3 0 3 0 4 1 1 0 5 2 5 0 1 3 4 1 4 3 0 3 1 5 5 3 2 0 3 1 4 2 1 3 4 2 0 2 4 0 1 0 4 0 4 0 1 5 4 0 5 0 0 2 5 1 3 5 2 1 3 5 3 4 2 4 1 3 5 2 3 4 0 3 0 3 4 2 4 0 1 3 5 4 2 1 5 0 2 1 3 3 4 2 1 0 3 0 4 5 4 3 1 1 4 3 0 2 0 1 4 2 3 4 5 2 1 0 5 2 1