424 946
18 0
19 0
1 0
20 1
2 1
21 2
3 2
4 3
3 4
5 4
22 5
6 5
23 6
24 6
7 6
25 7
26 7
27 7
28 7
8 7
29 8
9 8
30 9
10 9
31 10
32 10
11 10
32 11
12 11
13 12
33 13
14 13
34 14
15 14
35 15
36 15
16 15
37 16
17 16
38 17
19 18
20 19
21 20
39 21
3 21
40 3
22 3
41 22
23 22
42 23
24 23
43 24
25 24
43 25
26 25
43 26
27 26
44 27
28 27
44 28
29 28
45 29
30 29
46 30
31 30
47 31
32 31
48 32
12 32
49 12
33 12
50 33
34 33
51 34
35 34
52 35
36 35
37 36
53 37
38 37
54 38
55 18
20 18
55 20
39 20
56 39
3 39
56 3
56 40
41 40
57 41
42 41
43 42
58 43
44 43
59 44
60 44
45 44
60 45
46 45
47 46
61 47
48 47
62 48
32 48
62 32
49 32
50 49
51 50
63 51
52 51
63 52
36 52
64 36
53 36
65 53
54 53
66 54
67 55
68 55
20 55
56 20
69 56
70 56
71 56
57 56
72 57
42 57
73 42
74 43
75 43
75 58
59 58
76 59
60 59
77 60
78 60
46 60
61 46
79 61
62 61
79 62
50 62
80 50
63 50
81 63
82 63
64 63
83 64
65 64
84 65
66 65
85 66
86 67
68 67
87 68
20 68
69 20
70 69
88 70
71 70
89 71
72 71
90 72
73 72
74 73
91 74
75 74
92 75
93 75
76 75
94 76
77 76
95 77
78 77
96 78
46 78
97 46
79 46
98 79
99 79
100 79
80 79
50 80
101 50
81 50
102 81
82 81
103 82
83 82
103 83
84 83
104 84
85 84
105 85
87 86
20 87
106 20
88 69
107 88
89 88
108 89
90 89
108 90
73 90
109 73
91 73
110 91
92 91
111 92
93 92
112 93
94 93
113 94
95 94
96 95
97 96
114 97
98 97
99 98
98 99
100 99
98 100
80 100
101 80
80 101
102 101
80 102
103 102
115 103
116 103
104 103
117 104
105 104
118 105
86 87
106 87
119 106
69 106
107 69
69 107
108 107
120 108
121 108
109 108
122 109
110 109
123 110
111 110
124 111
112 111
125 112
113 112
126 113
95 113
127 95
127 96
114 96
128 114
98 114
128 98
129 98
130 98
80 98
131 80
132 80
133 80
115 80
116 115
134 116
117 116
135 117
118 117
136 118
137 86
138 86
119 86
139 119
69 119
140 69
141 69
120 69
142 120
121 120
143 121
122 121
144 122
123 122
144 123
124 123
144 124
125 124
145 125
126 125
146 126
127 126
147 127
148 127
128 127
149 128
150 128
129 128
151 129
130 129
152 130
131 130
153 131
132 131
153 132
133 132
154 133
115 133
134 115
135 134
155 135
136 135
156 136
157 137
138 137
158 138
139 138
159 139
140 139
160 140
141 140
161 141
142 141
162 142
143 142
163 143
144 143
164 144
145 144
165 145
146 145
166 146
147 146
167 147
148 147
149 148
168 149
150 149
169 150
151 150
170 151
152 151
153 152
171 153
172 153
154 153
173 154
115 154
174 115
175 134
155 134
176 155
156 155
177 156
178 157
158 157
178 158
159 158
178 159
160 159
179 160
161 160
180 161
162 161
163 162
164 163
163 164
165 164
164 165
166 165
164 166
167 166
181 167
148 167
182 148
168 148
183 168
169 168
184 169
170 169
185 170
152 170
186 152
171 152
187 171
172 171
188 172
173 172
174 173
173 174
175 174
189 175
176 175
189 176
177 176
189 177
190 178
191 178
192 178
179 178
180 179
193 180
162 180
193 162
194 163
195 164
181 164
196 181
182 181
183 182
197 183
184 183
198 184
185 184
186 185
187 186
188 187
199 188
173 188
200 173
201 173
189 173
202 189
203 189
204 190
191 190
205 191
192 191
206 192
179 192
207 179
193 179
208 193
194 193
208 194
209 194
163 194
210 163
195 163
211 195
164 195
212 164
213 164
196 164
182 196
197 182
214 197
198 197
215 198
185 198
216 185
217 186
218 187
199 187
219 199
200 199
220 200
201 200
221 201
202 201
222 202
223 202
203 202
223 203
205 204
224 205
206 205
225 206
207 206
226 207
193 207
227 193
228 208
229 208
209 208
230 209
210 209
231 210
211 210
232 211
212 211
213 212
212 213
196 213
233 196
234 182
214 182
235 214
215 214
216 215
236 216
217 216
237 217
218 217
238 218
219 218
238 219
220 219
239 220
221 220
240 221
222 221
240 222
223 222
241 223
242 223
243 204
224 204
244 224
225 224
245 225
226 225
245 226
227 226
246 227
228 227
229 228
230 229
231 230
247 231
232 231
248 232
212 232
249 212
233 212
250 233
234 233
251 234
235 234
252 235
215 235
253 215
236 215
254 236
237 236
255 237
238 237
256 238
257 238
239 238
258 239
240 239
259 240
241 240
260 241
242 241
261 242
262 243
244 243
263 244
245 244
264 245
265 245
246 245
266 246
228 246
267 228
230 228
268 230
247 230
269 247
248 247
270 248
212 248
271 212
272 249
250 249
273 250
251 250
252 251
253 252
274 253
254 253
275 254
255 254
276 255
256 255
277 256
257 256
278 257
258 257
278 258
240 258
279 240
279 259
260 259
280 260
261 260
281 261
282 262
263 262
283 263
264 263
284 264
265 264
284 265
266 265
285 266
267 266
286 267
268 267
287 268
230 268
269 230
288 269
270 269
272 270
271 270
272 271
273 272
289 273
252 273
290 252
291 252
274 252
292 274
275 274
293 275
276 275
294 276
277 276
278 277
277 278
295 278
279 278
296 279
297 279
280 279
298 280
281 280
299 281
300 282
283 282
284 283
283 284
301 284
285 284
301 285
286 285
302 286
287 286
303 287
230 287
288 230
304 288
272 288
304 272
305 272
289 272
305 289
290 289
291 290
306 291
292 291
307 292
293 292
308 293
294 293
277 294
309 277
295 277
310 295
296 295
311 296
297 296
311 297
298 297
312 298
299 298
313 299
283 300
314 283
301 283
315 301
302 301
316 302
303 302
317 303
230 303
318 230
304 230
319 304
320 304
321 304
305 304
322 305
323 305
290 305
324 290
306 290
324 306
307 306
325 307
308 307
326 308
294 308
327 294
327 277
327 309
310 309
327 310
311 310
328 311
329 311
312 311
330 312
313 312
331 313
332 314
315 314
332 315
333 315
316 315
317 316
318 317
319 318
334 319
320 319
334 320
321 320
335 321
322 321
323 322
336 323
324 323
337 324
338 324
325 324
338 325
326 325
327 326
339 327
340 327
341 327
328 327
342 328
329 328
343 329
330 329
343 330
331 330
344 331
345 300
345 283
332 283
346 332
347 332
333 332
348 333
316 333
348 316
349 317
350 318
334 318
350 334
335 334
351 335
322 335
352 322
336 322
353 336
337 336
354 337
338 337
326 338
355 326
339 326
356 339
340 339
357 340
327 340
327 341
342 341
358 342
343 342
359 343
344 343
360 344
361 345
346 345
345 346
347 346
362 347
348 347
363 348
364 348
349 348
365 349
350 349
365 350
334 350
351 334
366 351
352 351
366 352
353 352
367 353
354 353
368 354
338 354
369 338
370 338
355 338
370 355
356 355
371 356
357 356
372 357
327 357
373 327
374 327
358 327
375 358
359 358
375 359
343 359
360 343
345 361
376 345
377 345
362 345
378 362
363 362
379 363
364 363
380 364
365 364
381 365
334 365
366 334
368 366
367 366
368 367
369 368
370 369
382 370
371 370
372 371
373 372
383 373
374 373
384 374
375 374
385 375
386 375
360 375
387 360
388 360
376 361
378 376
377 376
378 377
379 378
389 379
380 379
381 380
365 381
390 365
391 334
392 334
393 366
394 368
395 368
396 368
397 382
371 382
398 371
398 372
383 372
399 383
384 383
400 384
385 384
386 385
385 386
387 386
401 387
388 387
402 388
403 361
378 361
404 378
405 378
406 378
389 378
407 389
381 389
408 381
409 381
390 381
410 390
391 390
392 391
411 392
393 392
412 393
394 393
413 394
395 394
396 395
414 396
369 396
415 369
416 370
397 370
417 397
398 397
418 398
419 398
399 398
420 399
400 399
421 400
385 400
421 385
422 385
401 385
402 401
423 402
404 403
405 404
406 405
407 406
408 407
409 408
410 409
391 410
411 391
412 411
413 412
395 413
414 395
415 414
416 415
417 416
418 417
419 418
420 419
421 420
422 421
401 422
423 401
2 4 3 2 1 5 0 5 3 5 2 4 1 5 4 3 2 3 0 5 2 5 0 1 4 1 2 1 2 1 3 0 5 0 2 0 5 3 0 1 0 2 4 5 4 0 4 2 1 2 4 3 1 2 3 4 5 0 4 3 1 1 2 0 4 3 1 1 3 0 2 4 3 2 4 3 5 0 3 3 1 1 2 5 4 3 4 0 4 5 4 0 1 5 0 5 4 1 2 4 5 3 0 4 2 4 4 3 0 5 3 4 1 2 3 0 3 4 1 2 4 2 0 5 3 2 1 2 1 5 3 0 2 3 4 3 5 1 5 4 2 3 5 3 2 3 5 4 0 2 4 1 5 4 5 2 4 3 0 1 4 5 4 1 5 4 0 5 4 3 0 2 3 1 4 2 5 1 5 1 2 2 1 3 5 3 2 3 5 3 1 3 2 5 4 3 3 2 4 1 0 3 1 0 4 1 0 2 1 2 5 0 2 4 3 0 5 4 1 4 3 2 4 3 0 5 0 3 4 2 0 3 4 4 5 4 3 5 0 1 3 4 1 3 4 3 5 2 0 4 3 0 2 3 5 3 5 1 0 4 2 5 2 3 0 5 4 5 3 3 4 5 1 0 1 0 2 4 3 0 3 1 5 0 3 0 4 2 5 2 1 3 4 2 1 1 2 3 4 2 1 4 2 3 4 0 2 3 0 5 2 4 5 3 2 3 0 1 3 1 2 0 2 1 0 2 5 3 5 1 3 0 1 4 0 5 4 5 4 0 1 5 2 5 1 3 4 3 5 2 1 1 0 5 3 3 4 0 1 3 4 4 1 2 4 5 4 2 1 3 0 2 4 0 5 2 5 4 0 4 0 2 4 5 4 1 5 2 1 1 3 2 1 5 0 3 0 1 5 2 3 3 2 2 5 2 5 0 3 5 1 4 0 2 2 1 2 3 4 2 1 4 0 5