473 1014
22 0
1 0
23 1
24 1
2 1
24 2
3 2
25 3
4 3
25 4
5 4
26 5
6 5
27 6
7 6
28 7
8 7
29 8
9 8
30 9
10 9
31 10
11 10
32 11
12 11
13 12
14 13
33 14
15 14
33 15
16 15
33 16
17 16
34 17
18 17
35 18
19 18
35 19
20 19
21 20
36 21
37 22
23 22
38 23
24 23
39 24
25 24
40 25
26 25
40 26
27 26
41 27
28 27
42 28
29 28
43 29
30 29
44 30
31 30
45 31
32 31
46 32
13 32
47 13
48 13
33 13
49 33
50 33
51 33
52 33
34 33
53 34
35 34
54 35
20 35
55 20
36 20
56 36
57 37
38 37
58 38
39 38
59 39
60 39
25 39
61 25
62 40
63 40
41 40
64 41
42 41
65 42
43 42
44 43
66 44
45 44
67 45
46 45
68 46
47 46
69 47
48 47
69 48
70 48
49 48
71 49
50 49
51 50
72 51
52 51
73 52
53 52
54 53
74 54
35 54
75 35
55 35
56 55
76 57
58 57
77 58
59 58
78 59
60 59
61 60
60 61
62 61
63 62
64 63
79 64
65 64
79 65
43 65
80 43
66 43
81 66
67 66
82 67
68 67
83 68
69 68
84 69
85 69
70 69
86 70
71 70
87 71
50 71
72 50
88 72
73 72
89 73
53 73
90 53
74 53
91 74
75 74
92 75
56 75
93 56
94 56
95 76
77 76
96 77
78 77
97 78
60 78
98 60
99 60
63 60
79 63
100 79
101 79
80 79
102 80
81 80
103 81
82 81
104 82
83 82
105 83
84 83
85 84
106 85
86 85
107 86
87 86
108 87
50 87
109 50
88 50
110 88
89 88
111 89
90 89
111 90
91 90
92 91
112 92
93 92
112 93
94 93
113 95
96 95
114 96
97 96
115 97
98 97
115 98
99 98
116 99
63 99
117 63
118 63
100 63
119 100
101 100
120 101
102 101
121 102
103 102
122 103
104 103
123 104
105 104
124 105
84 105
125 84
106 84
126 106
107 106
127 107
108 107
128 108
109 108
129 109
110 109
130 110
111 110
131 111
91 111
132 91
112 91
133 112
134 112
94 112
135 113
114 113
136 114
115 114
137 115
138 115
116 115
139 116
117 116
140 117
118 117
141 118
119 118
142 119
120 119
143 120
121 120
143 121
122 121
144 122
123 122
124 123
145 124
125 124
146 125
126 125
127 126
147 127
128 127
148 128
129 128
149 129
130 129
149 130
131 130
149 131
132 131
150 132
133 132
134 133
151 134
94 134
152 135
136 135
153 136
137 136
138 137
137 138
139 138
154 139
140 139
155 140
141 140
156 141
142 141
157 142
143 142
158 143
144 143
159 144
123 144
160 123
145 123
161 145
146 145
162 146
126 146
163 126
147 126
164 147
148 147
165 148
149 148
166 149
167 149
168 149
131 149
168 131
150 131
169 150
133 150
170 133
151 133
171 151
94 151
172 94
153 152
173 153
137 153
174 137
154 137
175 154
155 154
156 155
176 156
157 156
177 157
143 157
177 143
178 158
159 158
178 159
160 159
161 160
179 161
162 161
163 162
164 163
165 164
180 165
166 165
181 166
167 166
182 167
168 167
183 168
184 168
169 168
185 169
170 169
186 170
171 170
187 171
172 171
188 172
189 152
173 152
190 173
137 173
191 137
175 174
192 175
155 175
193 155
176 155
194 176
177 176
194 177
178 177
195 178
196 178
160 178
197 160
179 160
198 179
162 179
199 162
164 162
200 164
201 164
180 164
202 180
181 180
203 181
182 181
183 182
184 183
204 184
185 184
205 185
186 185
206 186
187 186
207 187
188 187
208 188
190 189
209 190
191 190
210 191
174 191
211 174
192 174
212 192
193 192
194 193
213 194
214 194
195 194
215 195
196 195
216 196
197 196
217 197
198 197
218 198
199 198
219 199
200 199
220 200
201 200
221 201
202 201
222 202
203 202
223 203
182 203
223 182
224 183
204 183
205 204
206 205
205 206
207 206
225 207
208 207
226 208
227 189
209 189
228 209
210 209
229 210
211 210
230 211
212 211
231 212
193 212
232 193
213 193
233 213
194 213
233 194
234 214
215 214
216 215
235 216
217 216
236 217
218 217
237 218
219 218
238 219
220 219
239 220
221 220
240 221
222 221
241 222
223 222
241 223
224 223
241 224
205 224
242 205
243 205
225 205
205 225
226 225
244 226
245 227
228 227
229 228
246 229
230 229
247 230
231 230
248 231
232 231
249 232
233 232
250 233
251 233
234 233
215 234
235 215
252 235
236 235
253 236
237 236
254 237
238 237
255 238
239 238
256 239
240 239
257 240
241 240
258 241
259 241
260 241
242 241
261 242
243 242
262 243
205 243
263 205
244 205
264 244
265 245
228 245
266 228
246 228
266 246
247 246
267 247
248 247
268 248
249 248
269 249
250 249
270 250
251 250
271 251
234 251
272 234
273 215
252 215
253 252
274 253
254 253
274 254
255 254
275 255
256 255
257 256
276 257
258 257
277 258
241 258
277 241
277 259
260 259
278 260
261 260
279 261
262 261
280 262
263 262
281 263
282 263
264 263
283 264
284 265
266 265
285 266
286 266
267 266
287 267
268 267
288 268
269 268
289 269
270 269
271 270
290 271
272 271
291 272
273 272
292 273
252 273
274 252
293 274
294 274
275 274
295 275
256 275
296 256
276 256
297 276
277 276
298 277
299 277
278 277
300 278
279 278
301 279
280 279
301 280
281 280
302 281
282 281
283 282
303 283
304 284
285 284
305 285
286 285
306 286
287 286
307 287
288 287
308 288
289 288
309 289
270 289
309 270
290 270
309 290
291 290
310 291
292 291
311 292
252 292
293 252
312 293
294 293
313 294
295 294
314 295
296 295
314 296
297 296
315 297
298 297
316 298
299 298
317 299
300 299
318 300
301 300
319 301
320 301
302 301
320 302
282 302
321 282
303 282
322 303
323 304
305 304
323 305
306 305
324 306
307 306
325 307
308 307
309 308
308 309
326 309
327 309
310 309
328 310
311 310
329 311
252 311
330 252
312 252
313 312
331 313
314 313
332 314
315 314
316 315
333 316
317 316
334 317
335 317
318 317
336 318
319 318
336 319
320 319
337 320
338 320
321 320
338 321
322 321
339 322
340 323
341 323
324 323
342 324
325 324
343 325
308 325
344 308
345 308
326 308
327 326
346 327
328 327
346 328
329 328
347 329
330 329
347 330
312 330
348 312
331 312
349 331
332 331
350 332
351 332
315 332
352 315
333 315
353 333
334 333
354 334
335 334
355 335
336 335
356 336
337 336
357 337
338 337
358 338
359 338
339 338
360 339
361 340
341 340
362 341
342 341
363 342
343 342
364 343
344 343
365 344
345 344
366 345
326 345
367 326
346 326
367 346
368 346
347 346
369 347
348 347
370 348
349 348
371 349
350 349
372 350
351 350
373 351
352 351
374 352
353 352
375 353
354 353
376 354
355 354
377 355
356 355
378 356
357 356
379 357
358 357
380 358
359 358
381 359
360 359
381 360
382 361
362 361
383 362
363 362
384 363
364 363
384 364
365 364
366 365
367 366
385 367
368 367
386 368
369 368
387 369
388 369
370 369
389 370
371 370
390 371
372 371
391 372
373 372
392 373
374 373
375 374
374 375
376 375
393 376
377 376
393 377
356 377
394 356
395 378
379 378
396 379
380 379
397 380
381 380
398 381
399 382
383 382
400 383
384 383
401 384
402 384
365 384
403 365
367 365
404 367
405 367
406 385
386 385
407 386
387 386
388 387
389 388
388 389
390 389
408 390
391 390
409 391
392 391
410 392
374 392
411 374
412 374
393 374
412 393
413 393
394 393
414 394
395 394
415 395
396 395
397 396
398 397
397 398
381 398
416 381
417 399
400 399
418 400
401 400
418 401
402 401
419 402
403 402
420 403
404 403
420 404
405 404
420 405
406 405
421 406
407 406
422 407
387 407
422 387
423 388
408 388
423 408
409 408
424 409
410 409
425 410
411 410
426 411
412 411
427 412
428 412
413 412
414 413
413 414
415 414
429 415
397 415
430 397
431 397
416 397
432 416
433 417
418 417
434 418
435 418
419 418
436 419
420 419
437 420
438 420
439 420
421 420
422 421
440 422
423 422
441 423
442 423
443 423
424 423
425 424
424 425
426 425
444 426
427 426
445 427
428 427
446 428
413 428
447 413
448 413
429 413
449 429
430 429
450 430
431 430
451 431
397 431
452 397
432 397
453 432
454 433
434 433
455 434
435 434
456 435
436 435
457 436
437 436
458 437
438 437
459 438
439 438
460 439
422 439
460 422
461 422
461 440
441 440
462 441
442 441
463 442
443 442
424 443
443 424
464 424
444 424
445 444
465 445
446 445
466 446
447 446
467 447
448 447
468 448
449 448
469 449
450 449
470 450
451 450
471 451
452 451
453 452
472 453
455 454
456 455
457 456
458 457
459 458
460 459
461 460
462 461
463 462
443 463
464 443
444 464
465 444
466 465
467 466
468 467
469 468
470 469
471 470
452 471
472 452
4 6 1 2 6 2 4 6 5 1 2 6 0 6 2 5 2 0 3 6 5 1 6 3 0 4 1 0 4 2 4 3 0 0 3 2 3 2 1 2 5 4 2 6 5 2 5 1 4 2 5 3 1 5 0 0 2 3 2 1 5 2 3 1 0 1 1 0 4 0 2 3 2 4 1 0 1 4 6 3 4 3 6 0 2 1 0 4 4 1 3 5 2 5 0 3 0 5 1 0 6 2 0 1 5 3 3 5 1 4 6 0 3 6 4 2 6 3 5 0 3 5 0 4 1 3 0 3 2 6 2 1 4 2 1 4 1 5 6 0 6 4 3 2 6 0 5 4 0 5 0 3 0 6 6 1 3 6 5 4 2 5 3 1 0 2 6 1 2 5 6 0 1 3 4 0 6 4 1 4 6 4 0 5 0 6 0 6 2 2 1 2 1 5 3 6 4 3 6 1 2 3 0 1 2 0 2 4 3 0 3 5 6 0 5 4 1 4 0 3 0 1 2 3 2 1 6 1 3 5 1 2 0 2 6 2 3 1 0 4 6 0 4 5 3 0 0 6 5 3 5 1 5 0 5 3 0 1 6 1 5 0 1 6 0 3 4 3 1 0 1 3 1 3 2 4 3 4 0 2 5 1 0 1 0 2 6 1 4 2 6 3 1 1 4 5 2 6 5 1 2 3 2 4 6 3 4 3 0 3 2 3 4 5 0 1 6 4 3 6 5 3 1 5 3 2 5 1 5 0 2 6 2 0 2 3 4 2 1 5 1 2 6 5 3 4 4 5 3 0 4 0 4 6 1 5 3 1 2 5 3 3 5 3 4 2 1 6 5 6 5 4 5 4 5 2 4 6 2 5 3 0 5 4 5 4 0 4 2 4 2 4 2 0 6 4 2 5 4 6 3 2 4 5 3 1 2 5 6 3 5 0 1 6 1 3 3 1 6 5 0 3 1 5 6 0 3 6 0 4 1 2 2 2 3 1 2 1 3 2 2 6 1 2 4 3 6 3 0 1 6 1 0 3 0 4 2 3 2 4 6 0 2 6 1 2 3 1 4 5 3 5 1