442 967
24 0
1 0
25 1
2 1
25 2
3 2
26 3
4 3
5 4
27 5
6 5
28 6
7 6
29 7
8 7
29 8
9 8
10 9
30 10
11 10
31 11
32 11
12 11
33 12
13 12
34 13
14 13
34 14
15 14
35 15
16 15
36 16
17 16
37 17
18 17
38 18
19 18
39 19
20 19
40 20
21 20
41 21
22 21
23 22
42 23
43 24
25 24
44 25
45 25
26 25
4 26
27 4
28 27
46 28
29 28
47 29
48 29
9 29
30 9
49 30
31 30
50 31
32 31
50 32
33 32
51 33
34 33
52 34
53 34
35 34
54 35
36 35
55 36
37 36
56 37
38 37
57 38
39 38
58 39
40 39
59 40
41 40
22 41
60 22
42 22
61 42
62 43
44 43
63 44
45 44
63 45
26 45
64 26
27 26
65 27
66 27
46 27
67 46
47 46
68 47
48 47
69 48
9 48
70 9
49 9
71 49
50 49
72 50
73 50
51 50
74 51
52 51
74 52
53 52
54 53
53 54
55 54
75 55
56 55
76 56
57 56
58 57
77 58
59 58
78 59
41 59
79 41
60 41
80 60
61 60
81 61
82 62
63 62
83 63
84 63
64 63
85 64
65 64
85 65
66 65
67 66
66 67
68 67
86 68
69 68
87 69
70 69
71 70
72 71
88 72
73 72
89 73
74 73
90 74
91 74
53 74
91 53
92 53
75 53
76 75
57 76
76 57
77 57
93 77
78 77
94 78
79 78
80 79
81 80
83 82
84 83
95 84
85 84
96 85
97 85
66 85
98 66
86 66
99 86
87 86
100 87
71 87
101 71
88 71
102 88
89 88
103 89
90 89
91 90
104 91
92 91
105 92
76 92
106 76
93 76
94 93
107 94
79 94
79 80
108 81
109 83
95 83
109 95
96 95
110 96
97 96
110 97
98 97
111 98
66 98
112 66
99 66
113 99
100 99
113 100
71 100
114 71
115 101
102 101
116 102
103 102
117 103
90 103
117 90
104 90
117 104
118 104
105 104
119 105
76 105
120 76
121 106
122 106
93 106
123 93
107 93
124 107
79 107
125 79
108 79
126 109
110 109
127 110
128 110
111 110
128 111
112 111
129 112
113 112
130 113
131 113
114 113
132 114
115 114
133 115
116 115
134 116
117 116
135 117
136 117
118 117
119 118
118 119
120 119
137 120
121 120
137 121
122 121
138 122
123 122
139 123
124 123
140 124
125 124
141 125
142 125
108 125
143 108
109 126
144 109
145 109
127 109
128 127
146 128
129 128
130 129
129 130
131 130
129 131
132 131
147 132
133 132
148 133
134 133
149 134
135 134
150 135
136 135
151 136
117 136
152 117
152 118
153 118
137 118
154 137
138 137
155 138
139 138
156 139
140 139
141 140
157 141
142 141
158 142
143 142
159 126
144 126
160 144
145 144
161 145
127 145
162 127
146 127
163 146
128 146
163 128
163 129
164 129
165 129
147 129
148 147
149 148
166 149
150 149
167 150
151 150
152 151
168 152
153 152
169 153
137 153
170 137
155 154
156 155
171 156
140 156
172 140
157 140
173 157
158 157
174 158
143 158
175 143
176 159
160 159
177 160
161 160
178 161
162 161
178 162
163 162
179 163
180 163
164 163
181 164
165 164
148 165
182 148
166 148
182 166
167 166
182 167
151 167
183 151
184 152
185 168
169 168
170 169
154 170
186 154
171 155
155 171
172 171
187 172
173 172
188 173
174 173
189 174
175 174
190 175
191 176
177 176
192 177
178 177
193 178
179 178
180 179
163 180
181 163
194 181
165 181
195 165
182 165
196 182
197 182
198 182
183 182
199 183
184 183
200 184
185 184
170 185
201 170
202 170
186 170
203 186
155 186
204 155
205 155
187 155
206 187
188 187
207 188
189 188
208 189
190 189
209 190
210 191
192 191
211 192
193 192
212 193
178 193
180 178
213 180
214 163
194 163
214 194
195 194
215 195
196 195
216 196
197 196
217 197
218 197
198 197
219 198
199 198
220 199
200 199
221 200
185 200
222 185
201 185
223 201
202 201
224 202
203 202
225 203
204 203
226 204
205 204
206 205
227 206
207 206
228 207
208 207
229 208
209 208
229 209
230 210
211 210
231 211
212 211
178 212
212 178
232 180
233 213
214 213
234 214
235 214
215 214
236 215
216 215
236 216
217 216
237 217
218 217
238 218
219 218
238 219
220 219
239 220
221 220
240 221
222 221
241 222
223 222
242 223
224 223
243 224
225 224
226 225
244 226
205 226
244 205
227 205
245 227
228 227
246 228
229 228
247 229
248 230
231 230
249 231
212 231
250 212
232 212
251 232
233 232
252 233
234 233
253 234
235 234
254 235
236 235
255 236
237 236
256 237
238 237
256 238
257 238
239 238
257 239
240 239
258 240
241 240
258 241
242 241
243 242
242 243
225 243
259 225
244 225
260 244
261 244
245 244
261 245
246 245
261 246
229 246
262 229
263 247
249 248
212 249
249 212
264 250
251 250
265 251
252 251
266 252
253 252
267 253
254 253
236 254
254 236
268 255
256 255
269 256
270 256
257 256
271 257
272 257
258 257
273 258
274 258
242 258
275 242
259 242
276 259
260 259
277 260
261 260
278 261
279 261
262 261
280 262
263 262
281 263
282 249
283 249
264 249
284 264
265 264
285 265
266 265
286 266
267 266
287 267
254 267
288 254
289 254
268 254
290 268
269 268
291 269
270 269
292 270
271 270
293 271
272 271
273 272
272 273
274 273
294 274
275 274
295 275
296 275
276 275
296 276
277 276
297 277
261 277
298 261
299 278
279 278
300 279
280 279
301 280
281 280
302 281
303 282
283 282
304 283
284 283
305 284
285 284
306 285
286 285
307 286
287 286
308 287
288 287
309 288
289 288
309 289
290 289
309 290
291 290
310 291
292 291
311 292
293 292
311 293
272 293
312 272
313 272
294 272
314 294
295 294
315 295
296 295
316 296
297 296
317 297
298 297
299 298
298 299
300 299
318 300
301 300
319 301
302 301
320 302
303 249
321 303
304 303
305 304
306 305
322 306
307 306
323 307
308 307
309 308
324 309
325 309
310 309
326 310
311 310
327 311
328 311
312 311
329 312
313 312
330 313
314 313
331 314
315 314
332 315
316 315
333 316
317 316
334 317
298 317
335 298
318 298
319 318
318 319
320 319
318 320
336 249
321 249
337 321
305 321
337 305
338 305
322 305
339 322
323 322
309 323
340 309
341 309
342 324
325 324
326 325
327 326
326 327
328 327
329 328
343 329
330 329
344 330
331 330
345 331
332 331
346 332
333 332
347 333
316 333
348 316
334 316
349 334
335 334
350 335
298 335
351 298
352 318
353 318
354 336
337 336
355 337
356 337
338 337
357 338
339 338
358 339
323 339
359 323
340 323
360 340
341 340
342 341
326 342
361 326
362 326
363 326
328 326
364 328
343 328
365 343
344 343
366 344
345 344
366 345
346 345
367 346
347 346
368 347
348 347
368 348
349 348
369 349
350 349
369 350
351 350
369 351
318 351
353 352
370 353
371 354
355 354
372 355
356 355
373 356
357 356
374 357
358 357
374 358
359 358
375 359
360 359
376 360
342 360
377 342
361 342
378 361
362 361
379 362
363 362
380 363
364 363
381 364
365 364
382 365
366 365
382 366
383 366
367 366
384 367
368 367
385 368
369 368
386 369
387 369
388 369
318 369
389 318
370 352
352 370
390 371
372 371
391 372
373 372
392 373
374 373
392 374
393 374
375 374
394 375
376 375
395 376
377 376
396 377
342 377
396 342
378 342
396 378
379 378
397 379
380 379
397 380
381 380
398 381
382 381
399 382
400 382
383 382
400 383
384 383
401 384
385 384
402 385
368 385
402 368
386 368
387 386
403 387
388 387
404 388
389 388
404 389
352 389
405 352
406 352
391 390
392 391
407 392
393 392
408 393
394 393
409 394
395 394
410 395
396 395
411 396
412 396
413 396
397 396
414 397
415 397
398 397
399 398
400 399
416 400
417 400
401 400
418 401
402 401
419 402
420 402
386 402
421 386
403 386
422 403
404 403
423 404
405 404
406 405
424 406
425 391
426 391
407 391
427 407
408 407
409 408
410 409
428 410
411 410
429 411
412 411
430 412
413 412
431 413
414 413
432 414
415 414
398 415
398 399
416 399
433 416
417 416
434 417
418 417
435 418
419 418
436 419
420 419
437 420
421 420
438 421
422 421
438 422
423 422
439 423
404 423
440 405
424 405
441 424
426 425
427 426
408 427
428 409
429 428
430 429
431 430
432 431
398 432
433 398
434 433
435 434
436 435
437 436
438 437
439 438
404 439
440 404
441 440
2 3 1 0 5 1 5 6 0 4 2 1 4 5 0 5 6 2 3 0 6 1 2 3 1 5 2 0 3 2 0 3 2 5 2 4 3 0 5 1 0 4 6 3 2 4 2 0 1 3 0 3 6 3 2 1 5 4 3 6 6 2 4 5 1 6 2 0 6 4 2 5 6 4 5 6 0 2 4 6 0 3 6 3 1 3 0 1 0 2 0 4 2 6 1 0 1 5 0 4 6 2 6 1 1 6 1 4 4 6 4 3 5 3 1 3 0 2 5 0 1 5 2 5 0 5 4 1 5 3 6 5 2 5 6 0 5 0 5 1 6 2 4 6 5 2 0 6 0 1 2 0 3 6 3 6 0 0 5 3 0 6 3 6 1 6 5 4 6 1 4 1 3 4 3 0 5 1 5 4 3 3 2 3 5 0 5 4 0 2 1 0 4 3 0 3 4 6 3 2 3 6 0 2 3 5 2 1 4 5 6 0 6 6 3 1 5 3 5 4 6 4 2 0 5 4 6 0 2 3 0 2 4 2 0 4 3 5 1 2 3 1 3 6 0 1 4 1 4 5 3 1 0 5 1 6 2 0 4 6 2 6 1 4 6 3 5 2 2 5 1 2 5 0 3 0 3 4 5 4 2 0 3 1 0 4 3 5 4 6 0 2 4 1 2 1 5 0 5 2 5 1 2 0 5 6 3 6 2 5 6 5 1 3 1 4 0 4 6 4 0 4 1 2 2 6 5 1 4 2 5 3 0 1 2 0 1 0 5 3 0 6 1 5 4 6 3 0 3 4 1 0 2 4 5 3 5 2 5 6 4 0 3 0 2 6 5 2 6 2 5 2 6 1 0 2 5 0 2 4 3 6 2 3 6 5 0 6 1 3 0 4 6 2 5 0 3 6 4 0 6 2 4 2 4 0 3 1 4 1 5 1 2 6 3 5 5 0 5 0 2 3 0 5 2 2 1 3 2 5 1 2 6 6 1 4 3 6 1 0 2 3