460 995
21 0
1 0
22 1
2 1
23 2
3 2
24 3
4 3
25 4
5 4
26 5
6 5
27 6
7 6
28 7
8 7
29 8
9 8
30 9
10 9
31 10
11 10
12 11
32 12
13 12
32 13
14 13
32 14
15 14
33 15
34 15
16 15
34 16
35 16
17 16
18 17
36 18
19 18
37 19
20 19
37 20
38 21
22 21
39 22
23 22
22 23
24 23
40 24
25 24
26 25
27 26
41 27
28 27
41 28
29 28
8 29
42 8
30 8
43 30
31 30
44 31
11 31
45 11
32 11
45 32
46 32
47 32
33 32
34 33
48 34
35 34
49 35
17 35
50 17
36 17
51 36
37 36
52 37
53 38
39 38
54 39
22 39
55 22
40 22
56 40
26 40
57 26
58 26
41 26
59 41
29 41
60 29
42 29
61 42
43 42
62 43
44 43
63 44
45 44
64 45
65 45
46 45
47 46
66 47
33 47
67 33
48 33
67 48
68 48
49 48
50 49
51 50
50 51
52 51
69 52
70 52
71 53
54 53
72 54
22 54
73 22
56 55
57 56
58 57
74 58
59 58
75 59
41 59
76 41
60 41
77 60
61 60
78 61
62 61
63 62
64 63
79 64
65 64
80 65
46 65
81 46
66 46
82 66
67 66
83 67
84 67
68 67
85 68
50 68
86 50
87 50
69 50
88 69
70 69
89 71
72 71
90 72
73 72
91 73
56 73
92 56
93 56
94 57
74 57
95 74
75 74
76 75
77 76
76 77
78 77
96 78
63 78
97 63
98 63
79 63
99 79
80 79
100 80
81 80
101 81
82 81
102 82
83 82
103 83
84 83
104 84
85 84
86 85
85 86
87 86
105 87
106 87
88 87
70 88
107 70
108 89
90 89
109 90
91 90
92 91
110 92
93 92
111 93
94 93
112 94
95 94
113 95
76 95
114 76
115 76
116 76
96 76
117 96
97 96
118 97
98 97
119 98
99 98
119 99
100 99
120 100
101 100
120 101
102 101
121 102
103 102
121 103
104 103
85 104
122 85
105 85
123 105
106 105
88 106
124 88
107 88
125 107
126 108
109 108
91 109
110 91
127 110
111 110
112 111
128 112
113 112
128 113
114 113
129 114
115 114
130 115
116 115
131 116
117 116
118 117
132 118
119 118
133 119
134 119
120 119
135 120
136 120
121 120
137 121
104 121
121 104
122 104
138 122
139 122
123 122
106 123
124 106
125 124
124 125
109 126
140 109
141 91
127 91
141 127
111 127
142 111
128 111
143 128
144 128
129 128
145 129
130 129
146 130
131 130
146 131
117 131
147 117
132 117
148 132
133 132
149 133
134 133
135 134
136 135
137 136
150 137
121 137
150 121
151 121
138 121
151 138
139 138
152 139
106 139
153 106
154 106
155 124
156 126
140 126
157 140
141 140
142 141
158 142
143 142
159 143
144 143
160 144
145 144
161 145
146 145
162 146
163 146
147 146
164 147
148 147
165 148
149 148
166 149
135 149
167 135
150 136
168 150
151 150
169 151
152 151
170 152
153 152
171 153
154 153
172 154
155 154
173 155
174 156
157 156
175 157
141 157
176 141
177 141
158 141
178 158
159 158
179 159
160 159
180 160
161 160
181 161
162 161
182 162
163 162
183 163
164 163
184 164
165 164
185 165
166 165
186 166
167 166
187 167
188 167
136 167
189 136
168 136
190 168
191 168
151 168
192 151
170 169
193 170
171 170
194 171
172 171
195 172
155 172
195 155
196 173
197 174
175 174
198 175
176 175
199 176
177 176
200 177
178 177
201 178
179 178
202 179
180 179
203 180
181 180
204 181
182 181
183 182
182 183
184 183
205 184
185 184
206 185
186 185
207 186
187 186
208 187
188 187
209 188
189 188
210 189
190 189
191 190
211 191
192 191
212 192
169 192
193 169
213 193
194 193
213 194
195 194
214 195
215 195
196 195
215 196
216 197
198 197
217 198
199 198
218 199
200 199
219 200
201 200
220 201
202 201
220 202
203 202
221 203
204 203
222 204
182 204
223 182
224 182
205 182
224 205
206 205
225 206
207 206
226 207
208 207
209 208
227 209
210 209
228 210
190 210
229 190
211 190
230 211
212 211
231 212
169 212
231 169
213 169
232 213
214 213
233 214
215 214
234 215
235 215
236 216
217 216
218 217
237 218
219 218
237 219
220 219
238 220
239 220
221 220
240 221
222 221
240 222
223 222
241 223
224 223
242 224
243 224
225 224
244 225
226 225
245 226
208 226
246 208
227 208
247 227
228 227
248 228
229 228
249 229
230 229
249 230
231 230
250 231
251 231
232 231
252 232
253 232
233 232
254 233
234 233
255 234
235 234
255 235
256 236
217 236
257 217
237 217
257 237
258 237
238 237
259 238
239 238
260 239
240 239
261 240
262 240
241 240
262 241
242 241
243 242
263 243
244 243
264 244
245 244
265 245
246 245
266 246
247 246
267 247
248 247
268 248
249 248
269 249
270 249
250 249
271 250
251 250
272 251
252 251
273 252
253 252
274 253
254 253
275 254
255 254
276 255
277 256
257 256
278 257
258 257
279 258
259 258
280 259
260 259
281 260
261 260
262 261
282 262
242 262
263 242
283 263
264 263
284 264
265 264
285 265
266 265
286 266
267 266
287 267
268 267
288 268
269 268
270 269
289 270
271 270
272 271
290 272
273 272
291 273
274 273
292 274
275 274
293 275
255 275
294 255
295 276
296 277
278 277
297 278
298 278
279 278
299 279
280 279
300 280
281 280
261 281
301 261
282 261
302 282
262 282
303 262
304 242
283 242
304 283
284 283
305 284
285 284
306 285
286 285
307 286
287 286
308 287
288 287
309 288
269 288
310 269
289 269
310 289
271 289
311 271
290 271
312 290
291 290
313 291
292 291
314 292
293 292
294 293
295 294
315 295
316 296
297 296
317 297
298 297
318 298
299 298
319 299
300 299
320 300
281 300
321 281
301 281
302 301
322 302
303 302
323 303
304 303
324 304
305 304
325 305
306 305
325 306
307 306
325 307
308 307
309 308
308 309
310 309
326 310
327 310
311 310
328 311
312 311
329 312
313 312
314 313
313 314
293 314
330 293
315 294
331 315
332 316
317 316
332 317
318 317
319 318
320 319
319 320
321 320
333 321
301 321
334 301
322 301
335 322
323 322
336 323
304 323
336 304
337 324
325 324
338 325
339 325
308 325
340 308
326 308
341 326
327 326
328 327
342 328
329 328
343 329
313 329
344 313
345 313
330 313
345 330
294 330
331 294
346 331
347 332
318 332
348 318
349 319
350 319
333 319
351 333
334 333
352 334
335 334
353 335
336 335
353 336
354 336
337 336
355 337
338 337
356 338
339 338
357 339
308 339
358 308
359 340
341 340
327 341
360 327
342 327
360 342
343 342
361 343
344 343
362 344
345 344
363 345
364 345
294 345
365 294
346 294
366 346
367 347
368 347
348 347
369 348
349 348
370 349
350 349
371 350
351 350
352 351
353 352
352 353
372 353
354 353
372 354
355 354
373 355
356 355
374 356
357 356
375 357
308 357
376 308
377 358
359 358
377 359
341 359
378 341
360 341
379 360
361 360
380 361
362 361
381 362
363 362
382 363
364 363
383 364
365 364
366 365
384 366
385 367
368 367
386 368
369 368
387 369
370 369
388 370
371 370
388 371
351 371
389 351
390 352
391 352
372 352
391 372
392 372
373 372
393 373
374 373
394 374
375 374
395 375
376 375
396 376
377 376
397 377
378 377
379 378
398 379
360 379
398 360
380 360
399 380
381 380
400 381
382 381
401 382
383 382
402 383
365 383
403 365
384 365
404 385
386 385
405 386
387 386
406 387
388 387
407 388
408 388
389 388
390 389
391 390
409 391
410 391
392 391
411 392
393 392
412 393
394 393
395 394
413 395
396 395
414 396
377 396
415 397
378 397
416 378
398 378
417 398
418 398
399 398
419 399
400 399
420 400
401 400
420 401
402 401
421 402
403 402
422 403
384 403
423 404
405 404
424 405
406 405
407 406
425 407
408 407
426 408
389 408
427 389
428 390
409 390
429 409
410 409
430 410
411 410
431 411
412 411
432 412
394 412
433 394
413 394
414 413
434 414
377 414
435 377
415 377
436 415
416 415
417 416
437 417
418 417
438 418
419 418
439 419
420 419
440 420
421 420
440 421
422 421
384 422
422 384
441 423
424 423
442 424
406 424
443 406
425 406
444 425
426 425
445 426
427 426
446 427
428 427
429 428
430 429
431 430
447 431
432 431
448 432
433 432
449 433
413 433
450 413
434 413
451 434
435 434
436 435
452 436
416 436
453 416
437 416
453 437
438 437
454 438
439 438
420 439
455 420
456 440
457 440
422 440
458 422
459 422
442 441
443 442
444 443
445 444
446 445
429 446
447 430
448 447
449 448
450 449
451 450
435 451
452 435
453 452
454 453
439 454
455 439
456 455
457 456
458 457
459 458
4 2 5 1 4 6 0 6 2 3 1 4 6 5 4 0 5 4 2 4 6 1 5 6 2 0 1 2 0 5 5 2 1 5 4 6 0 1 4 2 4 3 3 6 1 6 3 6 1 2 0 1 0 6 3 3 5 3 4 5 4 6 5 0 1 4 1 0 5 2 4 3 2 1 0 4 6 0 1 2 5 2 6 3 4 2 1 4 6 2 6 4 3 4 0 3 0 5 4 5 2 6 0 5 3 5 3 1 4 3 6 1 2 4 0 3 0 5 6 3 5 1 0 6 1 4 2 2 3 1 0 2 2 1 2 6 2 5 5 6 4 1 4 6 2 4 5 0 3 4 4 0 5 6 5 3 6 0 2 3 6 0 3 2 1 6 5 3 6 5 2 3 0 5 1 2 4 6 0 6 5 4 5 0 4 2 3 5 0 3 4 2 1 6 2 5 1 0 4 2 4 1 0 3 1 1 3 2 0 6 2 5 6 4 1 4 4 5 3 1 4 2 5 6 0 6 3 5 3 0 6 0 1 0 1 3 2 2 1 0 3 2 1 3 5 4 2 3 6 3 4 3 4 0 1 2 0 4 5 6 5 0 6 4 0 2 6 4 3 4 2 3 4 5 1 4 0 4 5 4 1 2 2 3 6 0 3 2 6 0 6 1 4 6 0 3 2 3 1 0 4 1 5 1 5 3 1 6 3 1 3 5 2 4 5 6 0 5 6 3 2 4 6 4 0 5 6 1 2 0 5 5 4 1 6 1 3 4 1 4 0 2 4 1 5 2 1 1 2 1 6 5 2 0 6 5 0 2 2 5 3 2 0 3 6 1 2 0 4 1 6 0 3 1 4 5 1 4 5 4 4 5 6 2 4 3 6 2 5 2 3 6 1 2 3 0 5 1 2 0 3 4 3 5 6 5 4 3 6 5 2 6 5 5 3 5 1 3 6 1 2 1 3 5 0 5 1 5 2 1 5 0 3 0 4 3 6 2 4 3 4 0 2 1 0 6 2 2 0 6 3 2 1 4 2 1 5 6 4 0