459 994
22 0
1 0
23 1
2 1
24 2
3 2
25 3
4 3
26 4
5 4
6 5
27 6
7 6
28 7
8 7
29 8
9 8
10 9
30 10
11 10
12 11
31 12
13 12
32 13
33 13
14 13
34 14
15 14
35 15
36 15
16 15
37 16
17 16
18 17
38 18
19 18
39 19
20 19
40 20
21 20
41 21
42 22
23 22
43 23
24 23
25 24
24 25
26 25
44 26
5 26
45 5
27 5
46 27
28 27
47 28
29 28
48 29
9 29
49 9
30 9
50 30
11 30
50 11
31 11
32 31
51 32
33 32
51 33
34 33
52 34
35 34
53 35
36 35
54 36
37 36
55 37
56 37
17 37
38 17
57 38
39 38
40 39
58 40
41 40
59 41
60 42
43 42
61 43
24 43
62 24
63 24
44 24
64 44
45 44
46 45
47 46
65 47
48 47
49 48
50 49
49 50
66 50
31 50
67 31
51 31
68 51
69 51
52 51
53 52
54 53
53 54
55 54
53 55
56 55
53 56
17 56
70 17
57 17
71 57
39 57
71 39
58 39
72 58
59 58
73 60
61 60
74 61
62 61
75 62
63 62
76 63
64 63
77 64
46 64
78 46
79 46
65 46
80 65
49 65
81 49
82 49
66 49
83 66
67 66
84 67
68 67
85 68
69 68
86 69
53 69
87 53
88 53
89 53
70 53
71 70
90 71
91 71
72 71
91 72
59 72
92 59
93 73
74 73
94 74
75 74
94 75
76 75
94 76
77 76
95 77
78 77
95 78
79 78
96 79
80 79
97 80
81 80
98 81
82 81
99 82
83 82
100 83
84 83
101 84
85 84
102 85
86 85
103 86
87 86
104 87
53 87
104 53
105 88
53 88
106 53
107 89
70 89
108 70
90 70
109 90
91 90
110 91
92 91
111 92
94 93
112 94
113 94
114 94
95 94
115 95
116 95
96 95
97 96
117 97
98 97
118 98
82 98
118 82
119 99
100 99
119 100
101 100
120 101
102 101
121 102
103 102
122 103
104 103
123 104
124 104
105 104
125 105
106 105
125 106
107 106
126 107
108 107
109 108
110 109
91 110
127 91
111 91
128 111
112 93
129 112
113 112
130 113
114 113
131 114
115 114
132 115
116 115
133 116
96 116
134 96
117 96
134 117
118 117
135 118
136 118
119 118
137 119
120 119
138 120
121 120
139 121
122 121
140 122
123 122
141 123
124 123
125 124
142 125
143 125
126 125
143 126
108 126
143 108
144 109
127 110
145 127
128 127
146 128
147 93
129 93
148 129
130 129
149 130
131 130
132 131
150 132
133 132
150 133
134 133
151 134
135 134
134 135
136 135
152 136
137 136
153 137
154 137
138 137
155 138
139 138
156 139
140 139
157 140
141 140
158 141
124 141
159 124
142 124
143 142
160 143
144 143
161 144
110 144
162 110
145 110
163 145
146 145
164 146
165 147
148 147
165 148
149 148
166 149
131 149
167 131
150 131
168 150
151 150
169 151
134 151
170 134
152 134
171 152
153 152
171 153
154 153
172 154
155 154
156 155
173 156
157 156
174 157
158 157
175 158
159 158
176 159
142 159
177 142
178 143
178 160
143 160
179 143
161 143
180 161
162 161
181 162
163 162
182 163
164 163
183 164
184 165
166 165
184 166
167 166
168 167
150 168
169 150
170 169
185 170
171 170
186 171
187 171
172 171
188 172
155 172
188 155
173 155
189 173
174 173
190 174
175 174
190 175
176 175
191 176
177 176
192 177
178 177
193 178
194 178
179 178
195 179
180 179
196 180
181 180
197 181
182 181
198 182
183 182
199 183
200 165
200 184
167 184
201 168
169 168
202 169
185 169
203 185
170 185
186 170
204 186
187 186
205 187
188 187
206 188
207 188
189 188
207 189
190 189
208 190
191 190
192 191
209 192
193 192
210 193
194 193
211 194
195 194
211 195
196 195
212 196
197 196
213 197
198 197
214 198
199 198
215 199
216 200
217 200
167 200
217 167
218 201
202 201
219 202
203 202
220 203
170 203
204 170
221 204
205 204
222 205
206 205
222 206
207 206
223 207
208 207
224 208
190 208
225 190
226 191
209 191
227 209
210 209
228 210
211 210
229 211
230 211
212 211
231 212
213 212
232 213
214 213
215 214
233 215
234 216
217 216
235 217
236 217
237 217
168 217
238 168
218 168
239 218
219 218
240 219
220 219
241 220
170 220
221 170
242 221
222 221
243 222
244 222
207 222
245 207
246 223
224 223
247 224
225 224
226 225
248 226
227 226
249 227
228 227
229 228
230 229
250 230
231 230
232 231
251 232
214 232
233 214
252 233
253 234
235 234
254 235
236 235
255 236
237 236
256 237
238 237
257 238
239 238
258 239
240 239
241 240
259 241
170 241
260 170
242 170
261 242
243 242
262 243
244 243
262 244
245 244
263 245
246 245
264 246
247 246
265 247
225 247
266 225
248 225
267 248
249 248
268 249
228 249
269 228
270 229
250 229
271 250
231 250
272 231
251 231
273 251
214 251
274 214
252 214
275 252
276 253
254 253
277 254
255 254
278 255
256 255
279 256
257 256
280 257
258 257
281 258
240 258
281 240
259 240
282 259
260 259
282 260
261 260
283 261
262 261
284 262
285 262
263 262
285 263
264 263
286 264
265 264
287 265
266 265
288 266
267 266
289 267
268 267
290 268
269 268
290 269
270 269
291 270
271 270
291 271
272 271
292 272
273 272
293 273
274 273
293 274
275 274
294 276
277 276
295 277
278 277
295 278
279 278
295 279
280 279
296 280
281 280
297 281
298 281
282 281
299 282
283 282
300 283
284 283
285 284
301 285
302 285
286 285
303 286
287 286
303 287
288 287
304 288
289 288
305 289
290 289
305 290
306 290
291 290
307 291
308 291
292 291
293 292
309 293
310 293
275 293
311 275
312 294
295 294
313 295
314 295
296 295
315 296
297 296
298 297
282 298
298 282
300 299
284 300
316 284
301 284
317 301
302 301
318 302
303 302
319 303
320 303
304 303
321 304
305 304
321 305
306 305
322 306
307 306
323 307
308 307
324 308
292 308
325 292
309 292
326 309
310 309
326 310
311 310
327 311
313 312
328 313
295 313
329 295
330 314
315 314
331 315
297 315
332 297
333 298
334 298
300 298
335 300
336 300
316 300
337 316
317 316
338 317
318 317
339 318
319 318
340 319
320 319
341 320
321 320
342 321
343 321
322 321
344 322
323 322
345 323
324 323
325 324
346 325
326 325
347 326
348 326
327 326
349 327
350 312
328 312
351 328
329 328
352 329
330 329
353 330
331 330
332 331
331 332
333 332
354 333
334 333
355 334
335 334
356 335
336 335
357 336
337 336
357 337
338 337
358 338
339 338
359 339
340 339
360 340
341 340
361 341
321 341
362 321
363 342
343 342
364 343
344 343
365 344
345 344
365 345
324 345
366 324
346 324
367 346
347 346
368 347
348 347
369 348
349 348
370 349
371 350
351 350
372 351
352 351
373 352
353 352
373 353
331 353
374 331
354 331
331 354
355 354
375 355
356 355
357 356
376 357
358 357
377 358
359 358
378 359
360 359
361 360
362 361
361 362
363 362
379 363
364 363
380 364
365 364
381 365
382 365
366 365
367 366
368 367
383 368
369 368
384 369
370 369
385 370
386 371
372 371
386 372
373 372
387 373
388 373
374 373
331 374
389 331
390 331
375 331
391 375
356 375
392 356
376 356
377 376
376 377
378 377
393 378
361 378
394 361
379 361
395 379
380 379
396 380
381 380
397 381
382 381
398 382
366 382
399 366
400 367
383 367
401 383
384 383
402 384
385 384
403 385
404 386
405 386
387 386
388 387
374 388
406 374
389 374
407 389
390 389
408 390
391 390
409 391
392 391
410 392
376 392
411 376
412 376
413 376
393 376
414 393
361 393
415 361
416 394
361 394
417 361
395 361
417 395
396 395
418 396
397 396
419 397
398 397
420 398
399 398
421 399
400 399
401 400
422 401
402 401
423 402
403 402
424 403
425 404
405 404
426 405
388 405
426 388
406 388
427 406
407 406
428 407
408 407
429 408
409 408
430 409
410 409
431 410
411 410
432 411
412 411
413 412
433 413
414 413
433 414
415 414
434 415
416 415
435 416
417 416
436 417
437 417
418 417
419 418
438 419
420 419
439 420
421 420
440 421
400 421
441 400
422 400
441 422
423 422
441 423
424 423
442 424
443 425
426 425
444 426
445 426
446 426
427 426
447 427
428 427
448 428
429 428
449 429
430 429
431 430
432 431
450 432
412 432
451 412
433 412
451 433
434 433
435 434
436 435
435 436
437 436
452 437
418 437
453 418
438 418
454 438
439 438
455 439
440 439
455 440
441 440
456 441
457 441
442 441
458 442
444 443
445 444
446 445
447 446
448 447
449 448
430 449
450 431
451 450
433 451
435 433
452 435
453 452
454 453
455 454
456 455
457 456
458 457
3 2 0 1 2 0 2 1 5 1 2 0 6 3 5 4 2 5 1 4 0 4 5 0 2 5 4 3 5 3 4 4 1 0 2 3 1 4 0 2 5 2 0 6 1 6 4 3 5 6 5 3 0 4 2 6 1 6 3 5 6 3 0 4 5 2 0 2 0 2 1 3 6 3 0 4 3 2 1 5 6 3 4 3 0 3 6 5 1 0 0 2 0 4 2 5 6 5 1 5 4 2 1 3 2 4 3 1 6 3 1 3 3 4 5 4 3 2 3 1 0 6 2 1 6 1 0 4 2 2 5 6 3 6 3 4 1 2 3 2 6 5 5 4 0 3 5 0 3 0 4 5 5 1 4 6 0 5 3 4 2 2 0 4 6 4 5 1 6 3 5 2 5 2 3 4 1 4 5 1 4 2 6 5 3 1 6 1 3 6 5 3 5 1 4 2 0 6 2 1 0 3 5 3 3 5 0 4 0 4 6 1 5 2 0 3 2 3 5 3 4 0 6 6 2 1 6 5 0 2 3 4 5 2 0 1 6 2 5 6 2 1 3 0 2 0 3 6 5 3 0 1 4 2 5 1 3 4 3 0 3 1 6 2 5 1 0 1 0 2 1 4 5 2 1 3 4 1 4 1 3 6 4 0 2 0 3 5 2 5 1 0 2 6 5 2 5 3 2 6 1 1 2 1 5 4 6 4 3 4 3 0 1 5 1 0 4 0 6 0 3 1 2 5 4 6 0 1 2 1 2 6 0 5 6 2 4 2 1 4 1 2 0 4 5 3 1 3 2 4 4 1 6 5 1 3 5 6 3 0 6 5 3 4 5 4 6 4 6 0 6 2 4 1 5 1 3 5 1 1 6 3 1 0 1 0 5 6 2 4 5 3 2 6 3 4 0 4 0 1 2 5 6 2 2 3 4 1 6 5 1 2 4 0 3 1 4 2 5 2 1 0 0 2 3 0 6 2 0 1 3 4 0 5 0 3 5 4 4 2 4 6 0 3 2 5 2 6 3 6 6 3 0 2 3 1 2 3 4