470 1014
18 0
1 0
2 1
19 2
3 2
20 3
21 3
4 3
22 4
23 4
5 4
23 5
6 5
24 6
7 6
25 7
26 7
8 7
27 8
9 8
27 9
10 9
11 10
28 11
12 11
29 12
30 12
13 12
31 13
32 13
33 13
14 13
34 14
15 14
35 15
16 15
36 16
17 16
37 17
38 18
1 18
39 1
19 1
40 19
20 19
41 20
21 20
42 21
22 21
43 22
23 22
44 23
45 23
24 23
45 24
25 24
26 25
46 26
27 26
47 27
10 27
47 10
28 10
48 28
29 28
49 29
30 29
50 30
31 30
51 31
32 31
52 32
33 32
53 33
34 33
15 34
54 15
55 35
36 35
37 36
56 37
39 38
38 39
40 39
57 40
41 40
58 41
42 41
59 42
43 42
60 43
44 43
61 44
45 44
62 45
25 45
63 25
46 25
64 46
47 46
65 47
66 47
48 47
67 48
49 48
50 49
68 50
51 50
69 51
52 51
69 52
53 52
70 53
34 53
54 34
71 54
55 54
72 55
36 55
73 36
56 36
73 56
74 38
57 38
58 57
75 58
59 58
76 59
60 59
61 60
60 61
62 61
77 62
63 62
78 63
64 63
79 64
65 64
80 65
47 65
80 47
81 66
67 66
82 67
49 67
83 49
68 49
84 68
69 68
85 69
86 69
70 69
87 70
34 70
88 34
71 34
89 71
72 71
89 72
73 72
89 73
90 74
38 74
91 57
75 57
76 75
92 76
60 76
93 60
62 60
94 62
95 77
78 77
96 78
79 78
97 79
80 79
98 80
99 80
81 80
100 81
82 81
101 82
83 82
102 83
84 83
103 84
85 84
104 85
86 85
105 86
87 86
106 87
88 87
107 88
89 88
108 89
109 89
110 89
73 89
111 73
112 90
38 90
113 38
91 38
114 91
75 91
115 75
92 75
116 92
93 92
117 93
118 93
94 93
95 94
96 95
97 96
119 97
98 97
120 98
99 98
120 99
100 99
120 100
101 100
121 101
102 101
122 102
103 102
122 103
104 103
123 104
105 104
124 105
106 105
125 106
107 106
126 107
108 107
127 108
109 108
128 109
110 109
129 110
111 110
130 111
113 112
112 113
114 113
131 114
115 114
131 115
116 115
132 116
117 116
133 117
118 117
134 118
94 118
135 94
96 94
136 96
137 96
119 96
138 119
120 119
139 120
140 120
141 120
121 120
142 121
122 121
142 122
123 122
143 123
124 123
125 124
144 125
126 125
144 126
127 126
145 127
128 127
146 128
129 128
147 129
130 129
148 130
149 112
131 112
150 131
151 131
132 131
133 132
134 133
133 134
135 134
133 135
136 135
152 136
137 136
138 137
153 138
139 138
154 139
140 139
141 140
155 141
142 141
156 142
157 142
122 142
157 122
143 122
158 143
124 143
144 124
159 144
160 144
145 144
161 145
146 145
162 146
147 146
163 147
148 147
164 148
165 112
166 149
150 149
166 150
151 150
167 151
133 151
167 133
168 133
152 133
169 152
137 152
170 137
153 137
171 153
154 153
171 154
140 154
172 140
155 140
173 155
156 155
174 156
157 156
175 157
176 157
158 157
176 158
124 158
177 124
159 124
178 159
160 159
178 160
161 160
179 161
162 161
180 162
163 162
181 163
164 163
182 164
183 165
166 165
184 166
167 166
185 167
186 167
133 167
187 133
188 168
189 168
169 168
190 169
170 169
191 170
171 170
192 171
193 171
172 171
194 172
173 172
195 173
174 173
196 174
175 174
197 175
176 175
197 176
177 176
178 177
177 178
198 178
179 178
199 179
180 179
200 180
181 180
201 181
182 181
184 183
202 184
166 184
203 166
185 166
203 185
186 185
204 186
187 186
205 187
188 187
206 188
189 188
207 189
190 189
208 190
191 190
209 191
192 191
210 192
193 192
211 193
194 193
212 194
195 194
213 195
196 195
197 196
214 197
215 197
176 197
216 176
217 177
198 177
218 198
199 198
219 199
200 199
220 200
201 200
221 201
182 201
222 182
223 183
202 183
224 202
203 202
225 203
204 203
226 204
205 204
227 205
206 205
228 206
207 206
228 207
208 207
229 208
209 208
230 209
210 209
231 210
211 210
232 211
212 211
232 212
213 212
233 213
196 213
234 196
214 196
235 214
215 214
236 215
216 215
237 216
217 216
238 217
177 217
239 177
218 177
240 218
219 218
240 219
220 219
241 220
221 220
241 221
222 221
242 222
243 223
224 223
225 224
244 225
245 225
226 225
246 226
227 226
247 227
228 227
248 228
229 228
249 229
230 229
250 230
231 230
251 231
232 231
252 232
253 232
233 232
254 233
234 233
254 234
235 234
254 235
236 235
255 236
237 236
256 237
238 237
257 238
239 238
240 239
258 240
259 240
241 240
260 241
261 241
242 241
262 243
224 243
244 224
263 244
245 244
246 245
247 246
264 247
228 247
265 228
266 248
249 248
250 249
267 250
251 250
268 251
252 251
269 252
253 252
270 253
254 253
271 254
272 254
273 254
255 254
256 255
274 256
257 256
275 257
239 257
276 239
258 239
277 258
259 258
278 259
260 259
279 260
261 260
280 261
242 261
281 242
282 262
224 262
283 224
263 224
284 263
246 263
284 246
285 246
264 246
286 264
265 264
287 265
266 265
288 266
249 266
289 249
267 249
289 267
268 267
290 268
269 268
291 269
270 269
292 270
271 270
293 271
272 271
294 272
273 272
255 273
274 255
295 274
275 274
296 275
276 275
296 276
277 276
297 277
278 277
298 278
279 278
299 279
280 279
300 280
281 280
301 281
302 282
283 282
303 283
284 283
304 284
305 284
285 284
286 285
306 286
287 286
307 287
288 287
308 288
289 288
309 289
290 289
310 290
291 290
311 291
292 291
312 292
293 292
313 293
294 293
314 294
255 294
315 255
316 255
295 255
316 295
296 295
317 296
318 296
297 296
318 297
298 297
319 298
299 298
300 299
320 300
301 300
321 301
322 302
303 302
323 303
304 303
324 304
305 304
324 305
285 305
306 285
325 306
307 306
326 307
308 307
309 308
327 309
289 309
310 289
289 310
311 310
328 311
312 311
313 312
329 313
314 313
330 314
315 314
331 315
316 315
332 316
317 316
318 317
317 318
319 318
299 319
333 299
320 299
333 320
321 320
334 321
335 322
323 322
324 323
336 324
337 324
285 324
338 285
325 285
339 325
326 325
308 326
340 308
327 308
341 327
289 327
342 289
328 289
343 328
312 328
343 312
329 312
344 329
330 329
344 330
331 330
332 331
345 332
346 332
317 332
347 317
348 317
349 319
333 319
350 333
334 333
351 334
352 335
323 335
353 323
336 323
354 336
337 336
355 337
338 337
356 338
339 338
357 339
326 339
357 326
340 326
341 340
358 341
342 341
343 342
342 343
359 343
344 343
359 344
360 344
331 344
361 331
345 331
361 345
346 345
361 346
347 346
362 347
348 347
318 348
363 318
349 318
364 349
350 349
365 350
351 350
366 351
367 352
353 352
368 353
354 353
369 354
355 354
356 355
357 356
370 357
371 357
340 357
372 340
358 340
373 358
342 358
374 342
375 342
359 342
376 359
377 359
360 359
378 360
361 360
379 361
380 361
362 361
348 362
362 348
363 348
362 363
364 363
381 364
365 364
382 365
366 365
383 366
384 367
368 367
385 368
369 368
386 369
355 369
386 355
387 356
370 356
388 370
371 370
372 371
373 372
389 373
374 373
390 374
375 374
390 375
391 375
376 375
392 376
377 376
393 377
378 377
394 378
379 378
395 379
380 379
362 380
396 362
397 362
398 362
381 362
399 381
382 381
400 382
365 382
401 365
383 365
402 383
403 384
385 384
404 385
386 385
405 386
406 386
387 386
388 387
407 388
372 388
408 372
409 372
389 372
410 389
390 389
411 390
412 390
391 390
412 391
392 391
413 392
393 392
414 393
394 393
415 394
395 394
416 395
362 395
417 362
418 362
419 396
397 396
420 397
398 397
421 398
399 398
422 399
400 399
423 400
401 400
424 401
402 401
425 402
426 403
404 403
427 404
405 404
428 405
406 405
429 406
387 406
430 387
407 387
431 407
408 407
432 408
409 408
433 409
410 409
434 410
411 410
412 411
435 412
436 412
413 412
437 413
414 413
438 414
415 414
439 415
416 415
440 416
417 416
441 417
418 417
442 418
419 418
443 419
420 419
444 420
421 420
445 421
422 421
446 422
423 422
447 423
424 423
448 424
425 424
449 425
450 426
427 426
451 427
428 427
451 428
429 428
452 429
430 429
453 430
431 430
454 431
432 431
455 432
433 432
456 433
434 433
411 434
435 411
457 435
436 435
458 436
437 436
459 437
438 437
460 438
439 438
460 439
440 439
461 440
441 440
462 441
442 441
463 442
443 442
464 443
444 443
465 444
445 444
466 445
446 445
467 446
447 446
468 447
448 447
449 448
469 449
451 450
452 451
453 452
454 453
455 454
456 455
411 456
457 411
458 457
459 458
460 459
461 460
462 461
463 462
464 463
465 464
466 465
467 466
468 467
448 468
469 448
6 5 3 6 4 2 4 6 1 5 4 2 0 5 6 0 6 5 3 4 5 3 6 0 6 0 2 6 1 4 6 0 6 1 5 3 2 1 6 3 5 6 2 1 5 1 6 1 6 3 0 2 3 2 1 0 6 0 5 6 0 3 2 1 3 0 3 0 1 5 0 0 1 4 0 1 5 6 4 2 5 1 6 1 4 3 6 5 2 6 1 3 4 3 5 1 3 5 4 6 0 1 2 0 4 3 0 3 4 5 0 6 0 1 2 5 1 0 4 4 3 0 4 0 4 5 4 1 2 6 2 3 2 6 5 0 4 2 6 0 5 1 2 3 2 4 0 3 4 1 2 4 5 1 3 6 1 3 0 1 6 2 1 4 2 2 6 1 2 1 0 6 2 1 2 5 6 3 4 3 0 6 4 4 1 5 0 4 1 5 6 3 4 3 1 6 4 3 0 1 5 3 6 3 5 1 2 3 1 0 2 5 3 1 1 6 3 0 6 5 6 1 3 6 0 2 3 4 5 6 2 3 4 3 1 4 3 6 2 6 2 0 4 1 3 0 4 1 2 0 6 4 5 1 5 1 3 0 3 5 6 3 2 1 0 4 5 1 0 1 5 4 1 2 0 5 2 1 4 3 1 6 3 4 6 0 3 5 0 3 6 5 6 5 6 4 3 4 2 1 2 4 4 6 0 5 2 6 2 5 1 3 0 2 1 0 3 2 5 6 0 6 3 2 1 4 5 4 2 3 4 3 1 5 2 4 5 6 5 3 0 2 0 1 0 5 3 6 4 2 4 6 2 0 2 1 6 2 4 4 3 4 3 0 6 3 2 1 6 5 0 5 1 2 5 6 5 0 2 3 2 5 4 0 2 0 2 5 4 6 4 5 2 4 1 5 4 2 4 3 2 5 4 1 4 3 0 3 5 6 0 1 3 1 2 5 1 5 1 0 4 6 1 5 2 0 2 0 6 1 0 5 2 5 2 0 6 3 1 4 5 0 2 4 5 1 4 0 1 3 4 1 0 5 1 5 4 4 0 4 6 3 1 0 1 6 4 6 4 5