313 652
16 0
1 0
17 1
2 1
18 2
3 2
18 3
4 3
19 4
5 4
20 5
21 5
6 5
22 6
7 6
23 7
8 7
24 8
9 8
25 9
10 9
26 10
11 10
27 11
12 11
28 12
13 12
29 13
30 13
31 13
14 13
32 14
15 14
33 15
34 16
17 16
35 17
18 17
36 18
37 18
19 18
37 19
5 19
38 5
39 20
21 20
40 21
22 21
41 22
23 22
42 23
24 23
43 24
25 24
44 25
26 25
45 26
27 26
46 27
28 27
47 28
29 28
48 29
30 29
49 30
31 30
50 31
32 31
33 32
51 33
52 34
35 34
53 35
36 35
54 36
37 36
55 37
56 37
38 37
57 38
39 38
58 39
40 39
59 40
41 40
60 41
42 41
61 42
43 42
62 43
44 43
63 44
45 44
64 45
46 45
65 46
47 46
66 47
48 47
67 48
49 48
68 49
50 49
69 50
32 50
69 32
51 32
70 51
53 52
54 53
71 54
55 54
72 55
56 55
73 56
57 56
74 57
58 57
75 58
59 58
76 59
60 59
77 60
61 60
78 61
62 61
79 62
63 62
80 63
64 63
81 64
65 64
82 65
66 65
83 66
67 66
84 67
68 67
85 68
69 68
86 69
87 69
70 69
71 53
88 71
72 71
89 72
73 72
90 73
74 73
91 74
75 74
91 75
76 75
92 76
77 76
93 77
78 77
94 78
79 78
95 79
80 79
96 80
81 80
97 81
82 81
98 82
83 82
99 83
84 83
100 84
85 84
101 85
86 85
101 86
87 86
70 87
102 70
103 53
104 53
88 53
104 88
89 88
104 89
90 89
105 90
91 90
105 91
106 91
92 91
106 92
93 92
107 93
94 93
95 94
108 95
96 95
109 96
97 96
110 97
98 97
111 98
99 98
111 99
100 99
112 100
101 100
113 101
114 101
87 101
115 87
102 87
116 102
104 103
117 104
118 104
105 104
119 105
120 105
106 105
121 106
107 106
122 107
94 107
123 94
108 94
124 108
109 108
125 109
110 109
126 110
111 110
127 111
128 111
112 111
129 112
113 112
130 113
114 113
131 114
115 114
132 115
116 115
133 103
117 103
134 117
118 117
135 118
136 118
119 118
137 119
120 119
138 120
106 120
139 106
140 121
122 121
141 122
123 122
142 123
124 123
143 124
125 124
144 125
126 125
145 126
127 126
146 127
128 127
147 128
129 128
148 129
130 129
148 130
131 130
132 131
149 132
116 132
149 116
134 133
135 134
150 135
136 135
151 136
137 136
152 137
138 137
153 138
139 138
154 139
140 139
155 140
141 140
142 141
143 142
145 143
144 143
145 144
146 145
156 146
147 146
157 147
148 147
158 148
131 148
159 131
149 131
160 149
161 149
162 134
150 134
163 150
151 150
152 151
153 152
164 153
154 153
165 154
155 154
165 155
142 155
166 142
167 142
145 142
168 145
169 145
156 145
157 156
156 157
148 157
170 148
171 158
159 158
172 159
160 159
161 160
173 133
162 133
174 162
163 162
175 163
151 163
176 151
177 152
164 152
165 164
166 165
178 166
167 166
179 167
168 167
180 168
169 168
181 169
145 169
182 145
183 156
184 156
170 156
185 170
171 170
186 171
172 171
187 172
160 172
188 160
189 173
174 173
190 174
175 174
190 175
176 175
191 176
177 176
192 177
164 177
193 164
194 165
195 165
178 165
196 178
179 178
197 179
180 179
197 180
181 180
198 181
182 181
199 182
183 182
200 183
184 183
201 184
185 184
202 185
186 185
203 186
187 186
204 187
188 187
161 188
188 161
205 189
190 189
206 190
207 190
191 190
208 191
192 191
209 192
193 192
210 193
194 193
211 194
195 194
211 195
196 195
212 196
197 196
213 197
214 197
198 197
214 198
199 198
201 199
200 199
201 200
202 201
215 202
203 202
216 203
204 203
217 204
188 204
218 188
219 188
220 205
206 205
207 206
208 207
221 208
209 208
210 209
222 210
211 210
223 211
224 211
212 211
225 212
213 212
226 213
214 213
227 214
228 214
201 214
229 201
230 201
231 201
215 201
216 215
232 216
217 216
232 217
218 217
233 218
219 218
234 219
235 220
207 220
236 207
221 207
237 221
209 221
238 209
222 209
239 222
223 222
240 223
224 223
225 224
226 225
241 226
227 226
242 227
228 227
229 228
243 229
230 229
244 230
231 230
245 231
215 231
246 215
232 215
247 232
233 232
248 233
234 233
249 234
250 235
236 235
251 236
252 236
237 236
252 237
238 237
253 238
239 238
254 239
240 239
255 240
225 240
256 225
257 225
241 225
258 241
242 241
259 242
228 242
260 228
243 228
261 243
244 243
262 244
245 244
263 245
246 245
264 246
247 246
265 247
232 247
266 232
248 232
267 248
249 248
268 249
269 250
251 250
269 251
252 251
270 252
271 252
253 252
254 253
272 254
255 254
273 255
256 255
274 256
257 256
274 257
258 257
275 258
259 258
276 259
260 259
276 260
261 260
262 261
277 262
263 262
278 263
264 263
279 264
265 264
280 265
266 265
281 266
267 266
282 267
268 267
283 268
284 269
270 269
285 270
271 270
286 271
253 271
287 253
272 253
288 272
273 272
289 273
274 273
275 274
290 275
276 275
291 276
261 276
292 261
277 261
278 277
277 278
279 278
293 279
280 279
294 280
281 280
295 281
282 281
283 282
296 269
297 284
285 284
298 285
286 285
299 286
287 286
300 287
288 287
301 288
289 288
274 289
302 274
303 274
290 274
291 290
304 291
276 291
305 276
292 276
306 292
277 292
307 277
308 277
293 277
308 293
294 293
309 294
295 294
310 295
282 295
311 282
312 283
297 296
298 297
299 298
300 299
301 300
289 301
302 289
303 302
290 303
304 290
305 304
306 305
307 306
308 307
309 308
310 309
311 310
312 311
5 2 0 8 0 4 2 0 8 2 0 2 7 3 6 4 1 0 2 7 2 0 1 3 1 6 7 1 8 5 1 4 3 8 4 2 0 1 5 3 1 7 8 5 0 1 8 0 6 4 2 0 6 7 4 8 2 0 4 7 4 3 4 8 2 3 5 0 3 0 5 2 5 3 1 3 1 5 2 6 7 1 8 1 7 2 4 8 5 2 0 5 6 1 8 5 1 3 2 6 1 0 7 6 0 3 7 3 2 5 8 7 2 7 5 1 2 1 5 1 8 2 5 2 8 0 5 2 5 6 3 2 8 8 6 2 4 0 6 4 3 0 6 0 2 3 1 4 5 0 8 2 5 7 5 0 2 3 2 8 1 7 4 5 8 4 1 8 4 2 1 5 7 6 0 3 0 3 8 0 7 5 6 5 7 3 6 8 0 1 6 7 1 6 0 1 4 1 3 1 6 0 5 1 6 3 4 0 3 5 8 5 6 4 5 3 7 3 5 3 1 4 6 2 6 7 2 4 7 8 3 5 0 1 4 0 6 5 1 0 3 4 0 2 1 8 7 3 8 5 3 5 0 2 5 1 8 2 8 5 2 6 8 2 8 0 8 2 1 0 2 8 0 7 0 6 1 7 6 1 5 6 4 7 3 5 0 5 3 2 4 3 2 6 7 3 5 0 1 7 4 6 7 8 1 7 8 4 0 3 0 5 6