313 654
17 0
18 0
19 0
1 0
20 1
2 1
21 2
3 2
21 3
4 3
5 4
22 5
6 5
23 6
7 6
24 7
8 7
9 8
25 9
10 9
26 10
11 10
12 11
13 12
27 13
14 13
28 14
15 14
29 15
16 15
30 16
31 17
18 17
32 18
19 18
32 19
20 19
33 20
21 20
34 21
35 21
4 21
36 4
22 4
37 22
23 22
38 23
24 23
39 24
8 24
40 8
25 8
41 25
26 25
42 26
12 26
43 12
27 12
43 27
28 27
29 28
44 29
30 29
45 30
46 31
32 31
47 32
33 32
48 33
34 33
49 34
35 34
50 35
36 35
51 36
52 36
37 36
53 37
38 37
54 38
39 38
55 39
40 39
56 40
41 40
57 41
42 41
58 42
12 42
59 12
60 43
61 43
28 43
62 28
44 28
63 44
45 44
64 45
65 46
47 46
66 47
32 47
66 32
48 32
67 48
49 48
68 49
50 49
69 50
51 50
69 51
52 51
70 52
53 52
70 53
54 53
71 54
55 54
72 55
56 55
73 56
57 56
74 57
58 57
75 58
59 58
60 59
61 60
60 61
62 61
76 62
63 62
77 63
64 63
78 64
66 65
79 66
80 66
67 66
81 67
68 67
82 68
69 68
83 69
70 69
84 70
85 70
71 70
86 71
72 71
86 72
73 72
87 73
74 73
88 74
75 74
89 75
60 75
90 60
91 60
92 60
76 60
93 76
77 76
94 77
78 77
95 78
96 65
79 65
97 79
80 79
98 80
81 80
99 81
82 81
100 82
83 82
101 83
69 83
102 69
84 69
103 84
85 84
104 85
86 85
105 86
87 86
106 87
88 87
107 88
89 88
108 89
90 89
109 90
91 90
110 91
92 91
111 92
93 92
112 93
94 93
113 94
95 94
97 96
114 97
98 97
115 98
99 98
116 99
100 99
117 100
101 100
102 101
118 102
103 102
119 103
104 103
86 104
120 105
106 105
121 106
107 106
108 107
122 108
109 108
110 109
123 110
111 110
112 111
113 112
124 113
95 113
125 95
126 96
114 96
127 114
115 114
116 115
128 116
117 116
129 117
101 117
130 101
118 101
130 118
119 118
131 119
86 119
132 86
120 86
133 120
121 120
107 121
122 107
107 122
109 122
134 109
123 109
135 123
111 123
136 111
137 112
124 112
138 124
125 124
139 125
140 126
127 126
141 127
115 127
142 115
128 115
143 128
129 128
144 129
130 129
145 130
146 130
131 130
147 131
86 131
148 86
149 132
133 132
107 133
150 107
151 107
134 107
152 134
135 134
152 135
136 135
153 136
137 136
138 137
154 138
139 138
141 140
142 141
155 142
143 142
144 143
156 144
145 144
157 145
146 145
158 146
147 146
159 147
148 147
160 148
149 148
161 149
133 149
162 133
150 133
163 150
151 150
164 151
165 151
152 151
165 152
166 152
153 152
166 153
137 153
154 137
167 154
139 154
168 139
169 141
170 141
155 141
171 155
143 155
172 143
156 143
173 156
157 156
174 157
158 157
175 158
159 158
176 159
160 159
177 160
161 160
178 161
162 161
179 162
163 162
180 163
164 163
181 164
165 164
182 165
183 165
166 165
184 166
185 166
137 166
186 137
167 137
187 167
168 167
188 168
189 169
170 169
190 170
171 170
191 171
172 171
192 172
173 172
193 173
174 173
194 174
175 174
176 175
195 176
177 176
196 177
178 177
197 178
179 178
198 179
180 179
199 180
181 180
200 181
182 181
183 182
201 183
184 183
202 184
185 184
203 185
186 185
187 186
186 187
188 187
204 188
205 189
190 189
205 190
191 190
206 191
192 191
207 192
193 192
208 193
194 193
209 194
175 194
210 175
195 175
211 195
196 195
212 196
197 196
213 197
198 197
214 198
199 198
215 199
200 199
216 200
182 200
217 182
201 182
218 201
202 201
203 202
219 203
186 203
219 186
220 186
204 186
221 204
222 205
223 205
206 205
224 206
207 206
224 207
208 207
225 208
209 208
226 209
210 209
227 210
211 210
228 211
212 211
213 212
229 213
214 213
230 214
215 214
231 215
216 215
232 216
217 216
233 217
218 217
234 218
202 218
235 202
219 202
236 219
237 219
220 219
238 220
221 220
239 221
240 222
223 222
241 223
224 223
242 224
243 224
225 224
244 225
226 225
245 226
227 226
246 227
228 227
246 228
212 228
247 212
229 212
248 229
230 229
231 230
249 231
232 231
250 232
233 232
234 233
235 234
251 235
236 235
252 236
237 236
253 237
238 237
254 238
239 238
255 239
241 240
242 241
256 242
243 242
257 243
244 243
257 244
245 244
246 245
258 246
247 246
259 247
248 247
260 248
230 248
261 230
249 230
262 249
250 249
263 250
233 250
264 233
264 234
251 234
252 251
251 252
253 252
265 253
254 253
255 254
266 240
266 241
256 241
267 256
257 256
268 257
245 257
269 245
270 246
271 258
259 258
272 259
260 259
273 260
261 260
262 261
274 262
263 262
275 263
264 263
275 264
276 264
251 264
277 251
278 251
265 251
279 265
255 265
280 255
281 266
267 266
282 267
268 267
283 268
257 268
284 257
269 257
285 269
270 269
285 270
271 270
286 271
272 271
287 272
273 272
287 273
261 273
288 261
274 261
289 274
275 274
290 275
291 275
276 275
292 276
277 276
293 277
278 277
294 278
279 278
295 279
280 279
296 280
297 280
298 266
282 281
299 282
283 282
300 283
284 283
300 284
285 284
301 285
302 285
286 285
302 286
287 286
303 287
304 287
288 287
305 288
289 288
305 289
290 289
306 290
291 290
307 291
292 291
308 292
293 292
309 293
294 293
295 294
310 295
296 295
311 296
297 296
312 297
281 298
299 281
300 299
301 300
302 301
303 302
304 303
305 304
306 305
307 306
308 307
309 308
294 309
310 294
311 310
312 311
2 4 1 5 8 6 8 6 0 1 8 2 0 4 8 5 0 4 5 0 8 0 3 7 1 2 6 1 5 6 5 5 1 0 6 3 5 0 8 3 4 1 7 8 3 0 7 3 6 1 5 3 2 6 5 0 8 7 0 7 3 1 0 1 8 3 0 8 3 7 3 6 7 3 1 8 5 3 0 5 2 7 0 4 2 5 3 0 7 6 1 0 8 0 6 2 7 0 7 3 6 2 3 1 2 4 3 6 0 2 3 6 7 0 5 8 5 4 7 4 8 7 7 0 4 6 1 0 0 1 6 2 1 2 1 6 5 4 0 1 5 3 7 3 5 1 5 1 2 4 4 3 4 3 8 1 1 3 7 2 0 6 3 1 7 6 1 6 0 2 6 8 7 8 7 0 6 4 0 6 7 5 3 8 4 0 3 4 8 6 2 0 1 5 4 3 6 1 4 1 0 2 7 4 5 4 1 4 0 5 2 7 3 7 3 5 7 0 1 0 2 3 3 2 3 2 6 4 8 6 8 6 1 7 5 6 7 8 0 6 6 7 2 0 5 8 1 4 3 2 0 4 1 0 8 1 0 2 7 1 2 1 6 4 1 6 1 3 7 4 3 5 2 4 3 7 0 5 7 2 8 6 1 2 7 6 8 1 0 8 3 2 6 1 6 8 0 2 0 0 4 2 0 7 4 6 8 0 2 3 2 4 0