312 651
18 0
1 0
19 1
20 1
2 1
21 2
3 2
22 3
4 3
23 4
5 4
6 5
7 6
8 7
24 8
9 8
25 9
10 9
26 10
11 10
27 11
12 11
28 12
13 12
29 13
14 13
30 14
15 14
31 15
16 15
32 16
17 16
33 17
34 18
19 18
35 19
20 19
36 20
21 20
37 21
22 21
37 22
23 22
38 23
5 23
39 5
7 5
40 7
41 7
24 7
42 24
25 24
43 25
26 25
27 26
44 27
28 27
45 28
29 28
30 29
31 30
46 31
32 31
47 32
33 32
48 33
49 33
50 34
35 34
51 35
36 35
52 36
37 36
53 37
54 37
38 37
55 38
39 38
56 39
40 39
57 40
41 40
58 41
42 41
59 42
43 42
26 43
60 26
44 26
61 44
45 44
61 45
29 45
62 29
63 30
46 30
63 46
47 46
64 47
48 47
49 48
65 49
66 50
51 50
67 51
52 51
68 52
53 52
69 53
54 53
70 54
55 54
71 55
56 55
71 56
57 56
72 57
58 57
73 58
59 58
74 59
43 59
75 43
60 43
76 60
61 60
76 61
62 61
63 62
77 63
78 63
64 63
79 64
48 64
80 48
65 48
80 65
81 66
67 66
82 67
68 67
82 68
69 68
83 69
70 69
84 70
71 70
72 71
85 72
73 72
86 73
74 73
86 74
75 74
87 75
76 75
88 76
89 76
90 76
62 76
91 62
77 62
78 77
92 78
79 78
93 79
80 79
94 80
95 81
82 81
96 82
97 82
83 82
98 83
84 83
99 84
71 84
100 71
101 71
85 71
86 85
102 86
87 86
88 87
87 88
89 88
103 89
90 89
91 90
77 91
104 77
92 77
105 92
93 92
106 93
94 93
80 94
107 80
96 95
95 96
97 96
108 97
98 97
109 98
99 98
110 99
100 99
111 100
101 100
112 101
85 101
113 85
114 86
87 102
115 87
103 87
115 103
91 103
116 91
117 91
104 91
118 104
105 104
119 105
106 105
120 106
94 106
107 94
94 107
121 95
122 95
108 95
123 108
109 108
123 109
110 109
124 110
111 110
125 111
112 111
113 112
114 113
102 114
115 102
126 115
127 115
116 115
128 116
117 116
129 117
118 117
130 118
119 118
131 119
120 119
132 120
94 120
133 94
134 94
135 121
122 121
136 122
123 122
137 123
138 123
124 123
139 124
125 124
113 125
140 113
141 113
142 114
143 102
144 115
145 126
127 126
146 127
128 127
147 128
129 128
148 129
130 129
149 130
131 130
150 131
132 131
151 132
133 132
152 133
134 133
153 134
154 135
136 135
155 136
137 136
156 137
138 137
157 138
139 138
158 139
125 139
159 125
140 125
159 140
141 140
160 141
142 141
161 142
143 142
162 143
144 143
163 144
145 144
164 145
146 145
147 146
148 147
165 148
149 148
166 149
150 149
167 150
151 150
168 151
152 151
169 152
153 152
170 153
171 154
155 154
172 155
156 155
173 156
157 156
174 157
158 157
175 158
159 158
176 159
177 159
160 159
178 160
161 160
179 161
162 161
180 162
163 162
181 163
164 163
182 164
147 164
183 147
165 147
184 165
166 165
185 166
167 166
186 167
168 167
187 168
169 168
188 169
170 169
189 170
190 171
172 171
191 172
173 172
192 173
174 173
193 174
175 174
194 175
176 175
177 176
195 177
178 177
179 178
196 179
180 179
197 180
181 180
197 181
182 181
198 182
183 182
184 183
199 184
185 184
200 185
186 185
201 186
187 186
202 187
188 187
203 188
189 188
204 190
191 190
205 191
192 191
205 192
193 192
206 193
194 193
176 194
195 176
178 195
207 178
196 178
208 196
197 196
209 197
210 197
198 197
211 198
183 198
212 183
213 183
199 183
214 199
200 199
215 200
201 200
216 201
202 201
203 202
217 203
189 203
218 204
205 204
218 205
219 205
206 205
220 206
194 206
221 194
195 194
222 195
223 195
207 195
208 207
224 208
209 208
225 209
210 209
226 210
211 210
227 211
212 211
227 212
213 212
228 213
214 213
229 214
215 214
229 215
216 215
230 216
202 216
231 202
217 202
231 217
189 217
232 218
233 218
219 218
220 219
234 220
221 220
235 221
222 221
236 222
223 222
237 223
207 223
238 207
224 207
239 224
225 224
239 225
226 225
240 226
227 226
241 227
242 227
228 227
243 228
229 228
244 229
230 229
245 230
231 230
246 231
247 231
189 231
247 189
248 232
233 232
219 233
249 219
234 219
250 234
235 234
251 235
236 235
252 236
237 236
238 237
253 238
239 238
253 239
240 239
254 240
241 240
254 241
242 241
255 242
243 242
256 243
244 243
257 244
258 244
245 244
246 245
259 246
247 246
260 247
261 247
262 248
233 248
263 233
249 233
264 249
250 249
265 250
251 250
266 251
252 251
267 252
237 252
268 237
253 237
268 253
269 253
270 253
254 253
271 254
272 254
255 254
273 255
256 255
274 256
257 256
275 257
258 257
275 258
245 258
276 245
259 245
276 259
260 259
277 260
261 260
278 261
279 262
263 262
280 263
264 263
281 264
265 264
282 265
266 265
283 266
267 266
284 267
268 267
285 268
269 268
286 269
270 269
287 270
271 270
288 271
272 271
289 272
273 272
290 273
274 273
291 274
275 274
292 275
293 275
276 275
294 276
295 276
277 276
295 277
278 277
296 278
297 279
280 279
281 280
298 281
282 281
298 282
283 282
298 283
284 283
298 284
268 284
299 268
300 285
286 285
301 286
287 286
302 287
288 287
303 288
289 288
304 289
290 289
305 290
291 290
306 291
292 291
307 292
293 292
307 293
294 293
308 294
295 294
309 295
310 295
296 295
311 296
280 297
298 280
299 298
300 299
301 300
302 301
303 302
304 303
305 304
306 305
307 306
308 307
309 308
310 309
311 310
7 5 0 5 1 3 7 2 4 6 7 2 1 6 2 3 1 8 1 4 3 4 0 8 3 7 4 0 4 3 4 5 6 7 3 2 7 3 6 1 8 0 6 1 1 2 6 7 4 6 4 7 1 7 2 7 2 0 8 4 0 8 7 1 0 1 0 4 8 2 3 6 2 1 7 2 1 0 8 1 3 4 6 0 7 1 4 1 7 4 0 6 1 7 8 0 5 0 7 1 5 3 2 8 7 0 2 7 4 1 2 0 6 0 7 6 0 4 6 7 3 8 4 6 0 4 8 2 3 0 7 1 2 4 0 6 7 0 1 8 8 1 0 8 0 4 5 6 2 0 5 0 3 5 3 8 4 0 1 0 4 3 6 7 2 5 6 1 6 7 2 7 3 7 3 7 5 4 6 8 7 5 8 5 3 8 7 4 2 1 6 4 2 6 0 2 1 2 1 2 0 4 6 3 8 7 2 1 0 5 3 2 7 6 0 7 1 0 6 0 4 5 6 8 5 6 7 6 8 5 6 5 4 2 6 4 8 7 0 7 4 1 4 2 8 1 2 7 3 4 1 6 0 6 8 1 3 6 4 8 3 4 8 4 0 6 5 4 8 1 8 2 5 0 4 5 4 8 3 6 7 8 5 0 2 1 6 7 8 1 7 3 7 1 0 3 7 8 6 2 6 5 4 7 0 4 5 2 6 7 5 6