314 657
18 0
1 0
19 1
2 1
20 2
3 2
4 3
5 4
21 5
6 5
21 6
7 6
22 7
8 7
23 8
9 8
10 9
24 10
11 10
25 11
12 11
25 12
26 12
13 12
27 13
14 13
28 14
15 14
29 15
16 15
30 16
17 16
30 17
31 17
19 18
32 19
20 19
33 20
4 20
34 4
21 4
35 21
36 21
22 21
37 22
23 22
38 23
9 23
39 9
24 9
40 24
25 24
40 25
41 25
26 25
41 26
27 26
28 27
29 28
42 29
30 29
43 30
31 30
44 31
45 18
32 18
46 32
33 32
47 33
34 33
48 34
35 34
49 35
36 35
50 36
37 36
51 37
38 37
39 38
52 39
40 39
53 40
54 40
41 40
55 41
56 41
27 41
57 27
58 28
42 28
59 42
43 42
59 43
30 43
60 30
44 30
61 44
62 45
46 45
47 46
63 47
34 47
64 34
65 48
49 48
66 49
50 49
67 50
51 50
68 51
38 51
69 38
52 38
69 52
53 52
70 53
54 53
71 54
55 54
72 55
56 55
73 56
57 56
74 57
58 57
75 58
59 58
76 59
77 59
60 59
78 60
61 60
79 61
80 62
46 62
81 46
63 46
82 63
64 63
65 64
64 65
66 65
83 66
67 66
84 67
68 67
85 68
69 68
86 69
87 69
70 69
88 70
71 70
89 71
72 71
90 72
73 72
90 73
74 73
91 74
75 74
91 75
76 75
92 76
77 76
93 77
78 77
79 78
94 79
81 80
82 81
95 82
64 82
96 64
97 64
83 64
84 83
85 84
98 85
86 85
99 86
87 86
88 87
100 88
89 88
101 89
90 89
102 90
91 90
103 91
104 91
92 91
104 92
93 92
104 93
78 93
94 78
105 94
106 80
107 81
95 81
107 95
96 95
108 96
97 96
108 97
84 97
109 84
98 84
110 98
99 98
111 99
87 99
112 87
100 87
101 100
113 101
102 101
113 102
90 102
114 90
103 90
115 103
104 103
116 104
117 104
78 104
118 78
105 78
119 105
120 106
107 106
121 107
122 107
108 107
122 108
123 108
109 108
124 109
125 109
110 109
111 110
112 111
126 112
100 112
127 100
113 100
128 113
129 113
114 113
130 114
115 114
131 115
116 115
132 116
133 116
117 116
134 117
118 117
135 118
119 118
136 119
137 120
121 120
138 121
122 121
123 122
139 123
124 123
140 124
125 124
141 125
110 125
142 110
143 111
126 111
144 126
127 126
145 127
128 127
146 128
129 128
147 129
130 129
148 130
131 130
149 131
132 131
150 132
133 132
150 133
134 133
151 134
135 134
152 135
136 135
153 136
154 137
138 137
155 138
122 138
156 122
157 122
139 122
158 139
140 139
159 140
141 140
160 141
142 141
161 142
143 142
162 143
144 143
163 144
145 144
164 145
146 145
147 146
165 147
148 147
166 148
149 148
167 149
150 149
168 150
151 150
169 151
152 151
170 152
153 152
170 153
171 154
155 154
156 155
155 156
157 156
172 157
158 157
172 158
159 158
173 159
160 159
174 160
161 160
175 161
162 161
176 162
163 162
177 163
164 163
178 164
146 164
179 146
165 146
180 165
166 165
181 166
167 166
182 167
168 167
183 168
150 168
184 150
169 150
185 169
170 169
186 170
187 171
155 171
188 155
189 155
172 155
190 172
173 172
191 173
174 173
192 174
175 174
193 175
176 175
178 176
177 176
178 177
179 178
180 179
194 180
181 180
195 181
182 181
196 182
183 182
197 183
184 183
198 184
185 184
198 185
186 185
199 186
200 187
188 187
201 188
189 188
202 189
190 189
203 190
191 190
192 191
204 192
193 192
205 193
178 193
206 178
207 178
208 178
208 179
194 179
209 194
195 194
210 195
196 195
211 196
197 196
212 197
198 197
213 198
214 198
186 198
215 186
216 199
217 200
201 200
218 201
202 201
219 202
203 202
220 203
191 203
221 191
222 191
204 191
222 204
205 204
223 205
206 205
224 206
207 206
208 207
225 208
226 208
209 208
227 209
210 209
228 210
211 210
229 211
212 211
230 212
213 212
231 213
214 213
215 214
214 215
216 215
232 216
218 217
233 218
219 218
234 219
220 219
221 220
235 221
222 221
236 222
237 222
223 222
237 223
224 223
238 224
207 224
239 207
225 207
240 225
226 225
240 226
227 226
228 227
229 228
241 229
230 229
242 230
231 230
243 231
214 231
244 214
245 214
232 214
246 232
247 217
233 217
248 233
234 233
249 234
220 234
250 220
235 220
251 235
236 235
252 236
237 236
253 237
238 237
254 238
239 238
255 239
240 239
256 240
257 240
227 240
257 227
258 228
241 228
259 241
242 241
260 242
243 242
261 243
244 243
245 244
262 245
246 245
263 246
264 247
248 247
265 248
249 248
266 249
250 249
267 250
251 250
268 251
252 251
269 252
253 252
270 253
237 253
271 237
254 237
272 254
255 254
273 255
256 255
274 256
257 256
275 257
276 257
258 257
277 258
259 258
277 259
260 259
278 260
261 260
278 261
244 261
262 244
279 262
263 262
280 263
281 264
265 264
282 265
266 265
283 266
267 266
284 267
268 267
285 268
269 268
285 269
270 269
271 270
286 271
272 271
287 272
273 272
288 273
274 273
289 274
275 274
290 275
276 275
291 276
277 276
292 277
293 277
278 277
293 278
294 278
244 278
294 244
279 244
280 279
295 280
296 281
282 281
297 282
283 282
298 283
284 283
299 284
285 284
300 285
270 285
301 270
286 270
302 286
287 286
303 287
288 287
304 288
289 288
305 289
290 289
306 290
291 290
307 291
292 291
308 292
293 292
309 293
294 293
310 294
311 294
279 294
312 279
295 279
313 295
297 296
298 297
299 298
300 299
285 300
301 285
302 301
303 302
304 303
305 304
306 305
307 306
308 307
309 308
293 309
310 293
311 310
312 311
313 312
2 7 4 8 4 5 0 4 2 1 2 4 6 5 4 7 5 0 6 5 7 1 3 0 0 3 0 8 2 5 6 2 0 6 7 0 3 0 3 0 2 4 3 4 7 7 6 8 3 5 0 7 2 8 5 7 8 0 5 1 2 0 0 4 6 1 2 4 2 7 2 0 5 4 5 7 3 4 6 8 4 3 8 4 0 3 0 4 0 1 0 1 5 3 1 4 1 5 4 8 7 3 4 8 0 5 0 6 0 8 7 5 2 0 1 3 5 1 4 3 5 0 8 4 0 6 1 6 7 1 4 5 0 6 2 8 5 0 3 7 4 5 2 1 5 8 1 3 0 1 4 5 6 7 8 7 1 2 4 7 3 4 0 3 5 8 7 3 2 6 2 4 5 3 7 2 5 8 0 6 0 5 6 3 6 7 6 0 6 8 2 6 1 4 3 0 8 0 1 8 5 3 2 7 5 8 3 7 8 1 3 6 1 4 6 1 3 7 6 0 1 5 8 3 8 5 0 4 5 2 7 0 2 2 8 6 2 1 3 5 8 6 4 6 3 2 0 5 4 0 6 3 0 6 0 6 5 0 2 3 1 0 0 4 4 7 8 2 4 3 2 6 2 5 3 5 1 0 6 6 0 6 0 3 4 1 4 1 2 8 6 3 8 3 5 1 7 2 7 1 8 6 8 7 8 2 8 4 1 4 0 8 1 6