316 663
18 0
1 0
19 1
2 1
20 2
3 2
20 3
4 3
21 4
5 4
22 5
6 5
23 6
24 6
7 6
25 7
26 7
8 7
27 8
9 8
28 9
10 9
29 10
11 10
30 11
12 11
31 12
13 12
32 13
14 13
33 14
15 14
34 15
16 15
35 16
17 16
35 17
36 18
19 18
37 19
20 19
38 20
39 20
21 20
40 21
22 21
41 22
23 22
41 23
24 23
42 24
25 24
43 25
26 25
43 26
27 26
44 27
28 27
45 28
29 28
46 29
30 29
47 30
31 30
48 31
32 31
33 32
49 33
34 33
35 34
34 35
50 36
37 36
51 37
38 37
52 38
39 38
53 39
40 39
54 40
41 40
55 41
56 41
42 41
57 42
43 42
58 43
44 43
59 44
45 44
60 45
46 45
61 46
47 46
62 47
48 47
63 48
32 48
49 32
64 49
34 49
65 34
66 34
67 35
51 50
68 51
52 51
69 52
53 52
70 53
54 53
71 54
55 54
72 55
56 55
73 56
57 56
74 57
43 57
74 43
74 58
59 58
60 59
75 60
61 60
76 61
62 61
77 62
63 62
78 63
32 63
79 32
64 32
80 64
65 64
81 65
66 65
81 66
67 66
82 67
83 50
68 50
84 68
69 68
85 69
70 69
86 70
71 70
87 71
72 71
73 72
88 73
74 73
89 74
90 74
91 74
59 74
92 59
75 59
93 75
76 75
94 76
77 76
95 77
78 77
96 78
79 78
97 79
80 79
97 80
81 80
98 81
82 81
99 82
100 83
84 83
101 84
85 84
102 85
86 85
102 86
87 86
103 87
72 87
104 72
88 72
105 88
89 88
106 89
90 89
107 90
91 90
108 91
92 91
109 92
93 92
94 93
110 94
95 94
111 95
96 95
112 96
97 96
113 97
114 97
98 97
81 98
115 81
99 81
116 99
117 100
101 100
118 101
102 101
119 102
120 102
103 102
121 103
104 103
105 104
122 105
106 105
107 106
108 107
123 108
109 108
124 109
93 109
125 93
110 93
126 110
111 110
127 111
112 111
128 112
113 112
129 113
114 113
130 114
98 114
131 98
115 98
132 115
116 115
132 116
133 117
118 117
134 118
119 118
135 119
120 119
136 120
121 120
104 121
137 104
122 104
138 122
106 122
138 106
138 107
123 107
138 123
124 123
139 124
125 124
140 125
126 125
141 126
127 126
142 127
128 127
143 128
129 128
144 129
130 129
145 130
131 130
146 131
132 131
147 132
148 133
134 133
148 134
135 134
136 135
121 136
149 121
137 121
150 137
138 137
151 138
152 138
153 138
154 138
139 138
155 139
140 139
156 140
141 140
157 141
142 141
157 142
143 142
158 143
144 143
159 144
145 144
159 145
146 145
160 146
132 146
161 132
162 148
163 148
135 148
164 135
165 136
149 136
166 149
150 149
151 150
167 151
152 151
153 152
168 153
154 153
169 154
155 154
170 155
156 155
171 156
157 156
172 157
173 157
158 157
174 158
159 158
175 159
176 159
160 159
161 160
177 161
147 161
177 147
178 162
163 162
179 163
164 163
165 164
180 165
166 165
181 166
150 166
182 150
167 150
183 167
152 167
184 152
168 152
184 168
169 168
184 169
170 169
185 170
171 170
186 171
172 171
187 172
173 172
188 173
174 173
189 174
175 174
189 175
176 175
190 176
160 176
191 160
177 160
192 177
193 178
179 178
194 179
164 179
195 164
180 164
196 180
181 180
197 181
182 181
198 182
183 182
199 183
184 183
199 184
200 184
185 184
201 185
186 185
202 186
187 186
203 187
188 187
189 188
204 189
191 189
190 189
191 190
192 191
205 192
177 192
206 193
194 193
207 194
195 194
208 195
196 195
209 196
197 196
210 197
198 197
210 198
199 198
211 199
212 199
184 199
213 184
214 200
201 200
214 201
202 201
215 202
203 202
216 203
188 203
217 188
204 188
218 204
191 204
219 191
220 191
205 191
221 205
177 205
222 177
223 206
207 206
208 207
224 208
209 208
225 209
210 209
226 210
227 210
211 210
228 211
212 211
229 212
213 212
230 213
214 213
231 214
232 214
215 214
216 215
233 216
217 216
218 217
219 218
234 219
220 219
235 220
191 220
235 191
221 191
236 221
222 221
237 222
238 223
207 223
238 207
224 207
239 224
225 224
240 225
226 225
241 226
227 226
242 227
228 227
243 228
229 228
243 229
230 229
244 230
231 230
232 231
215 232
233 215
217 233
245 217
245 218
234 218
246 234
235 234
247 235
236 235
248 236
237 236
249 237
250 238
251 238
239 238
252 239
240 239
253 240
241 240
254 241
242 241
255 242
243 242
256 243
257 243
244 243
258 244
232 244
259 232
260 232
261 215
262 233
245 233
263 245
264 245
246 245
265 246
235 246
266 235
267 247
248 247
268 248
249 248
269 249
270 250
251 250
271 251
252 251
272 252
253 252
273 253
254 253
274 254
255 254
275 255
256 255
276 256
257 256
277 257
258 257
277 258
259 258
278 259
260 259
279 260
261 260
280 261
262 261
281 262
263 262
282 263
264 263
265 264
283 265
266 265
284 266
267 266
285 267
268 267
286 268
269 268
271 270
287 271
272 271
288 272
273 272
274 273
289 274
275 274
290 275
276 275
291 276
277 276
292 277
293 277
278 277
294 278
279 278
295 279
280 279
296 280
281 280
282 281
297 282
264 282
298 264
283 264
298 283
284 283
299 284
285 284
286 285
300 286
269 286
301 269
302 270
287 270
302 287
288 287
303 288
273 288
304 273
289 273
305 289
290 289
305 290
291 290
306 291
292 291
307 292
293 292
308 293
294 293
309 294
295 294
296 295
281 296
297 281
310 297
298 297
311 298
312 298
299 298
313 299
285 299
314 285
300 285
315 300
301 300
315 301
303 302
304 303
305 304
306 305
307 306
308 307
309 308
295 309
281 295
310 281
311 310
312 311
313 312
314 313
315 314
6 4 5 8 1 4 5 7 8 1 7 8 4 6 7 2 0 5 2 5 4 6 0 6 2 1 8 4 5 6 2 3 1 3 0 8 1 6 3 2 0 4 6 4 6 2 1 5 6 7 7 0 1 7 2 0 2 0 1 8 3 2 3 8 3 1 5 6 8 3 1 6 1 4 3 0 8 4 0 4 2 7 5 0 6 1 0 7 3 0 1 2 4 1 0 8 3 1 3 1 3 2 4 8 7 2 8 6 7 3 7 3 0 6 7 6 2 8 3 5 2 0 3 3 0 3 5 4 3 7 1 5 8 5 1 4 3 2 7 4 0 6 3 4 0 2 4 0 6 6 0 5 6 1 0 3 7 8 3 1 0 7 8 2 0 1 2 1 2 6 7 0 5 7 8 5 8 1 1 3 7 8 5 8 3 1 3 7 0 4 1 8 4 0 7 8 6 7 4 7 4 5 6 2 2 2 4 6 5 1 8 5 4 1 0 1 4 8 5 6 1 6 8 1 2 6 4 0 8 3 0 2 5 7 4 2 1 6 3 6 5 1 7 5 6 6 3 0 3 5 2 6 3 6 7 4 7 3 8 1 6 7 3 8 7 8 5 3 1 8 3 1 5 7 5 8 1 7 6 1 6 0 6 4 3 8 2 8 2 4 0 8 6 2 4 3 5 8 6 2 0 1 7 1 4 7 2 1 4 7 3 1 5 8 1 4