185 371
14 0
1 0
15 1
2 1
15 2
3 2
16 3
4 3
17 4
5 4
18 5
6 5
19 6
7 6
20 7
21 7
8 7
21 8
9 8
21 9
10 9
21 10
11 10
22 11
12 11
23 12
13 12
23 13
24 14
15 14
25 15
26 15
16 15
27 16
17 16
28 17
18 17
29 18
19 18
30 19
20 19
31 20
21 20
32 21
33 21
34 21
22 21
35 22
23 22
35 23
36 23
37 24
25 24
38 25
26 25
39 26
27 26
28 27
29 28
40 29
30 29
41 30
31 30
42 31
21 31
43 21
44 32
33 32
45 33
34 33
46 34
35 34
47 35
48 35
36 35
49 36
50 37
38 37
51 38
39 38
52 39
27 39
53 28
40 28
54 40
41 40
55 41
42 41
56 42
43 42
44 43
57 44
45 44
58 45
46 45
59 46
47 46
60 47
48 47
61 48
49 48
62 49
63 50
51 50
64 51
52 51
27 52
65 27
53 27
66 53
54 53
67 54
55 54
56 55
43 56
68 43
57 43
69 57
58 57
70 58
59 58
71 59
60 59
61 60
72 61
62 61
73 62
74 63
64 63
75 64
52 64
76 52
65 52
77 65
66 65
78 66
67 66
79 67
56 67
80 56
81 56
68 56
82 68
69 68
70 69
83 70
71 70
84 71
60 71
72 60
73 72
85 73
86 74
75 74
87 75
76 75
88 76
77 76
89 77
78 77
90 78
79 78
91 79
80 79
92 80
81 80
93 81
82 81
94 82
69 82
95 69
83 69
96 83
84 83
97 84
72 84
98 72
99 72
85 72
100 85
101 86
87 86
102 87
88 87
103 88
89 88
104 89
90 89
104 90
91 90
105 91
92 91
106 92
93 92
106 93
94 93
107 94
95 94
108 95
96 95
109 96
97 96
110 97
98 97
99 98
100 99
111 100
112 101
102 101
113 102
103 102
114 103
104 103
115 104
105 104
106 105
116 106
117 106
107 106
118 107
108 107
119 108
109 108
119 109
110 109
120 110
98 110
121 99
111 99
122 112
113 112
123 113
114 113
124 114
115 114
125 115
105 115
126 105
127 105
116 105
128 116
117 116
129 117
118 117
129 118
119 118
120 119
130 120
98 120
131 98
121 98
132 121
111 121
133 111
134 122
123 122
135 123
124 123
136 124
125 124
137 125
126 125
137 126
127 126
138 127
128 127
139 128
129 128
140 129
141 129
119 129
142 119
143 119
130 119
144 130
131 130
145 131
132 131
146 132
133 132
147 133
148 134
135 134
149 135
136 135
137 136
150 137
138 137
151 138
139 138
152 139
140 139
153 140
141 140
153 141
142 141
154 142
143 142
155 143
144 143
156 144
145 144
157 145
146 145
158 146
147 146
159 147
160 148
149 148
136 149
161 136
162 137
163 150
151 150
152 151
164 152
153 152
165 153
166 153
154 153
167 154
155 154
168 155
156 155
169 156
157 156
170 157
158 157
159 158
171 159
172 160
149 160
173 149
161 149
174 161
162 161
175 162
163 162
176 163
151 163
164 151
177 164
165 164
178 165
166 165
179 166
167 166
180 167
168 167
181 168
169 168
182 169
170 169
183 170
158 170
171 158
184 171
173 172
174 173
175 174
176 175
151 176
177 151
178 177
179 178
180 179
181 180
182 181
183 182
158 183
184 158
5 8 7 4 2 4 8 2 5 3 0 3 6 3 1 3 7 3 8 7 0 7 2 8 0 4 6 2 1 3 8 3 0 1 2 7 4 5 3 7 8 5 6 4 8 5 4 2 1 6 3 4 6 5 3 4 5 1 7 2 8 6 4 6 2 4 3 7 1 5 8 4 1 8 3 8 2 3 2 8 7 1 7 6 3 6 7 1 6 4 3 2 0 5 8 0 7 5 6 5 2 0 5 8 6 0 4 5 7 3 0 7 1 3 1 7 6 7 6 2 5 1 8 4 7 4 3 7 5 1 8 3 4 3 6 7 4 2 3 7 4 5 3 1 3 0 5 8 0 6 5 2 0 3 7 5 2 6 3 4 5 2 0 8 7 4 8 2 6 3 5 5 1 4 1 8 4 0 8 3 1 4 8 1 8