183 373
15 0
1 0
16 1
2 1
17 2
3 2
18 3
4 3
5 4
19 5
6 5
20 6
7 6
21 7
8 7
9 8
10 9
11 10
22 11
12 11
23 12
13 12
24 13
14 13
24 14
25 15
16 15
25 16
17 16
26 17
18 17
27 18
4 18
28 4
19 4
29 19
20 19
21 20
30 21
8 21
31 8
10 8
32 10
33 10
22 10
34 22
23 22
35 23
24 23
36 24
37 25
38 25
26 25
39 26
27 26
40 27
28 27
41 28
29 28
20 29
30 20
42 30
31 30
43 31
32 31
44 32
33 32
45 33
34 33
46 34
35 34
47 35
36 35
48 36
24 36
49 24
50 37
38 37
39 38
51 39
40 39
52 40
41 40
53 41
20 41
53 20
54 20
42 20
55 42
43 42
56 43
44 43
57 44
45 44
58 45
46 45
59 46
47 46
60 47
48 47
61 48
49 48
62 49
63 50
38 50
64 38
51 38
65 51
52 51
66 52
53 52
67 53
68 53
54 53
69 54
55 54
70 55
56 55
71 56
57 56
72 57
58 57
73 58
59 58
74 59
60 59
75 60
61 60
76 61
62 61
77 62
78 63
64 63
79 64
65 64
80 65
66 65
81 66
67 66
82 67
68 67
83 68
69 68
84 69
70 69
85 70
71 70
86 71
72 71
87 72
73 72
88 73
74 73
89 74
75 74
90 75
76 75
91 76
77 76
92 78
79 78
93 79
80 79
93 80
81 80
94 81
82 81
95 82
83 82
96 83
84 83
97 84
85 84
98 85
86 85
99 86
87 86
100 87
88 87
89 88
90 89
101 90
91 90
102 91
77 91
103 77
104 92
93 92
105 93
106 93
94 93
107 94
95 94
108 95
96 95
97 96
96 97
98 97
109 98
99 98
110 99
100 99
111 100
88 100
112 88
101 89
113 101
102 101
103 102
114 103
115 104
105 104
116 105
106 105
117 106
107 106
118 107
108 107
119 108
96 108
120 96
121 96
109 96
122 109
110 109
123 110
111 110
124 111
112 111
124 112
89 112
125 89
113 89
125 113
102 113
126 102
114 102
127 114
128 115
116 115
128 116
117 116
129 117
118 117
119 118
130 119
120 119
131 120
121 120
132 121
122 121
133 122
123 122
134 123
124 123
134 124
135 124
125 124
136 125
126 125
137 126
127 126
138 127
139 128
140 128
129 128
141 129
118 129
142 118
130 118
143 130
131 130
144 131
132 131
145 132
133 132
134 133
146 134
147 134
135 134
148 135
136 135
125 136
149 125
137 125
149 137
138 137
150 138
151 139
140 139
152 140
141 140
153 141
142 141
143 142
154 143
144 143
155 144
145 144
156 145
133 145
157 133
146 133
147 146
158 147
148 147
159 148
136 148
160 136
149 136
161 149
150 149
162 151
152 151
163 152
153 152
164 153
142 153
154 142
155 154
165 155
156 155
157 156
166 157
146 157
158 146
167 158
159 158
168 159
160 159
161 160
160 161
149 161
169 150
170 162
163 162
171 163
164 163
172 164
154 164
173 154
174 154
165 154
174 165
156 165
175 156
166 156
176 166
146 166
177 146
167 146
178 167
168 167
160 168
179 160
180 160
149 160
181 149
169 149
182 169
171 170
172 171
173 172
174 173
175 174
176 175
177 176
178 177
168 178
179 168
180 179
181 180
182 181
1 6 5 1 6 2 0 1 2 3 8 0 5 0 3 0 4 7 2 1 4 5 2 0 5 3 8 5 4 6 8 6 2 5 8 5 1 5 8 4 8 1 0 4 6 3 2 8 0 6 6 5 0 7 0 3 5 8 0 4 1 8 2 5 7 0 8 3 5 7 8 7 1 2 1 7 2 8 6 0 7 2 4 1 2 3 4 8 0 5 2 1 4 6 5 2 7 6 4 2 4 6 3 4 2 0 4 8 3 3 8 7 6 2 0 5 4 8 2 7 5 0 8 1 0 8 5 2 0 1 6 4 7 6 5 6 4 6 1 2 8 2 8 2 0 8 1 4 0 5 3 1 6 4 7 8 7 3 0 6 7 3 5 7 0 5 0 7 8 0 6 3 2 1 4 1 6 3 2 5 3 6 7