175 362
14 0
1 0
15 1
2 1
15 2
3 2
16 3
17 3
4 3
18 4
5 4
19 5
6 5
19 6
7 6
20 7
8 7
21 8
9 8
22 9
10 9
23 10
11 10
24 11
12 11
25 12
13 12
26 13
27 14
15 14
28 15
16 15
29 16
17 16
30 17
18 17
31 18
19 18
32 19
33 19
20 19
34 20
21 20
22 21
21 22
23 22
35 23
24 23
36 24
25 24
26 25
37 26
38 27
15 27
29 28
28 29
30 29
39 30
31 30
39 31
32 31
40 32
33 32
41 33
34 33
41 34
21 34
42 21
43 21
35 21
44 35
36 35
25 36
45 25
37 25
46 37
47 38
28 38
48 28
49 28
39 28
50 39
51 39
40 39
52 40
41 40
53 41
54 41
42 41
55 42
43 42
56 43
44 43
57 44
36 44
58 36
45 36
59 45
46 45
60 46
61 47
48 47
49 48
62 49
63 49
50 49
63 50
51 50
64 51
52 51
65 52
53 52
66 53
54 53
66 54
55 54
67 55
56 55
57 56
58 57
68 58
59 58
69 59
60 59
69 60
70 61
48 61
71 48
62 48
72 62
63 62
73 63
64 63
74 64
65 64
75 65
66 65
76 66
77 66
67 66
78 67
57 67
79 57
80 57
68 57
81 68
69 68
82 69
83 69
84 70
71 70
85 71
72 71
73 72
86 73
63 73
75 63
74 63
75 74
76 75
87 76
77 76
88 77
78 77
89 78
79 78
90 79
80 79
90 80
81 80
91 81
82 81
92 82
83 82
92 83
93 84
85 84
94 85
72 85
95 72
86 72
96 86
75 86
96 75
87 75
97 87
88 87
98 88
89 88
99 89
90 89
100 90
91 90
101 91
92 91
102 92
103 92
94 93
93 94
95 94
93 95
96 95
104 96
105 96
106 96
97 96
107 97
98 97
108 98
99 98
109 99
100 99
109 100
90 100
110 90
101 90
110 101
102 101
111 102
103 102
112 103
113 93
114 93
104 93
115 104
105 104
116 105
96 105
117 96
118 106
107 106
119 107
108 107
109 108
120 109
121 109
110 109
122 110
123 110
111 110
124 111
112 111
125 112
126 113
114 113
127 114
93 114
128 93
115 93
129 115
116 115
129 116
117 116
130 117
118 117
130 118
119 118
131 119
108 119
132 108
120 108
132 120
121 120
133 121
122 121
134 122
123 122
135 123
124 123
136 124
125 124
137 125
127 126
138 127
128 127
139 128
129 128
140 129
141 129
130 129
142 130
143 130
131 130
144 131
132 131
145 132
146 132
133 132
147 133
134 133
135 134
148 135
136 135
149 136
137 136
150 126
138 126
151 138
139 138
152 139
140 139
153 140
141 140
154 141
142 141
155 142
143 142
156 143
144 143
157 144
145 144
158 145
146 145
159 146
147 146
160 147
134 147
161 134
148 134
162 148
149 148
163 149
137 149
163 137
164 150
151 150
165 151
152 151
166 152
153 152
166 153
154 153
167 154
155 154
168 155
156 155
169 156
157 156
169 157
158 157
159 158
170 159
160 159
171 160
161 160
172 161
162 161
172 162
163 162
173 163
174 163
165 164
166 165
167 166
168 167
169 168
158 169
170 158
171 170
172 171
173 172
174 173
0 4 7 1 2 6 0 6 2 8 7 1 2 8 5 1 7 4 1 2 0 7 0 4 0 8 4 8 8 3 7 8 0 8 2 0 3 0 6 1 5 0 5 1 6 5 2 2 5 0 8 6 7 2 6 7 4 0 5 1 6 1 2 7 1 5 3 2 6 5 3 0 3 8 2 4 8 6 5 3 1 4 7 0 6 4 0 0 5 4 8 0 3 4 1 2 6 8 4 7 6 7 2 8 3 2 5 1 6 0 5 6 3 6 5 2 8 0 1 5 5 2 8 6 5 8 4 1 5 4 8 0 4 3 2 3 7 2 5 1 5 8 2 4 5 3 6 1 0 1 8 2 3 6 1 3 8 6 4 7 3 4 7 8 3 8 2 3 0 2 6 0 6 3 6