173 353
15 0
1 0
16 1
2 1
17 2
3 2
4 3
5 4
18 5
6 5
19 6
7 6
20 7
8 7
21 8
9 8
22 9
10 9
23 10
11 10
24 11
12 11
25 12
13 12
26 13
14 13
27 14
3 15
16 15
3 16
17 16
3 17
28 4
18 4
28 18
19 18
29 19
20 19
30 20
21 20
30 21
22 21
31 22
23 22
24 23
32 24
25 24
32 25
26 25
33 26
27 26
34 27
35 3
36 3
37 3
28 3
38 28
29 28
39 29
30 29
40 30
31 30
41 31
23 31
42 23
32 23
43 32
44 32
33 32
45 33
34 33
46 34
47 3
48 35
36 35
49 36
37 36
50 37
28 37
51 28
51 38
39 38
52 39
40 39
53 40
54 40
41 40
55 41
42 41
55 42
43 42
56 43
44 43
57 44
45 44
58 45
46 45
58 46
59 47
48 47
60 48
49 48
61 49
50 49
51 50
50 51
62 51
52 51
63 52
53 52
64 53
54 53
65 54
55 54
66 55
56 55
67 56
57 56
68 57
58 57
69 58
70 59
60 59
71 60
61 60
72 61
50 61
73 50
62 50
74 62
63 62
75 63
64 63
76 64
65 64
77 65
66 65
78 66
55 66
79 55
67 55
80 67
68 67
81 68
69 68
82 69
58 69
82 58
83 70
71 70
72 71
84 72
50 72
85 50
74 73
75 74
86 75
76 75
87 76
77 76
88 77
78 77
89 78
79 78
80 79
90 80
81 80
91 81
82 81
92 82
93 83
71 83
94 71
84 71
94 84
85 84
74 85
95 74
86 74
96 86
87 86
88 87
89 88
79 89
97 79
90 79
98 90
91 90
99 91
92 91
100 92
101 93
94 93
102 94
103 94
85 94
104 85
105 74
106 95
96 95
107 96
88 96
108 89
97 89
109 97
98 97
110 98
99 98
111 99
100 99
112 100
92 100
113 92
114 101
102 101
114 102
103 102
115 103
104 103
115 104
105 104
115 105
106 105
115 106
107 106
116 107
88 107
117 88
118 88
108 88
109 108
119 109
110 109
120 110
111 110
121 111
112 111
122 112
113 112
123 113
124 114
125 114
115 114
126 115
127 115
128 115
116 115
129 116
117 116
130 117
118 117
108 118
118 108
119 108
131 119
120 119
132 120
121 120
133 121
122 121
134 122
123 122
135 123
136 124
125 124
137 125
126 125
127 126
138 127
128 127
129 128
139 129
130 129
140 130
118 130
141 118
142 118
131 118
143 131
132 131
144 132
133 132
134 133
145 134
135 134
146 135
147 136
137 136
147 137
126 137
148 126
138 126
149 138
128 138
150 128
151 128
139 128
152 139
140 139
153 140
141 140
154 141
142 141
155 142
143 142
156 143
144 143
157 144
133 144
158 133
145 133
159 145
146 145
160 146
161 147
148 147
162 148
149 148
163 149
150 149
164 150
151 150
165 151
152 151
166 152
153 152
167 153
154 153
168 154
155 154
169 155
156 155
169 156
157 156
169 157
158 157
170 158
159 158
171 159
160 159
172 160
147 161
162 147
163 162
164 163
165 164
166 165
167 166
168 167
169 168
170 169
171 170
172 171
1 4 1 7 0 3 1 6 8 6 4 0 2 8 5 3 5 4 5 0 4 5 0 1 7 5 2 8 4 7 1 7 3 5 6 6 0 3 7 3 0 2 5 2 4 6 4 8 1 4 2 0 8 5 7 4 3 7 0 0 4 7 6 1 3 1 5 5 2 5 6 3 0 7 8 3 0 6 0 1 2 8 6 2 8 7 1 7 8 4 5 4 5 3 1 5 3 8 0 7 3 8 0 3 2 1 3 6 3 2 8 3 1 0 4 6 3 6 1 1 3 2 7 5 3 2 1 2 3 7 5 2 5 8 4 1 1 8 8 1 8 0 6 1 3 5 4 4 7 0 7 1 7 0 5 2 8 2 7 4 1 3 0 2 5 6 1 5 0 4 8 6 3