178 362
12 0
1 0
13 1
2 1
14 2
3 2
14 3
4 3
15 4
5 4
16 5
17 5
6 5
18 6
7 6
19 7
20 7
8 7
21 8
9 8
22 9
10 9
23 10
11 10
24 11
25 12
13 12
26 13
14 13
27 14
28 14
15 14
29 15
16 15
30 16
17 16
31 17
18 17
32 18
33 18
19 18
34 19
20 19
35 20
21 20
36 21
22 21
23 22
37 23
24 23
38 24
26 25
39 26
27 26
40 27
28 27
41 28
29 28
42 29
30 29
43 30
31 30
44 31
32 31
44 32
33 32
45 33
34 33
46 34
35 34
47 35
36 35
48 36
22 36
49 22
37 22
50 37
38 37
51 38
52 25
39 25
53 39
40 39
54 40
41 40
55 41
42 41
56 42
43 42
57 43
44 43
58 44
45 44
59 45
46 45
60 46
47 46
60 47
48 47
61 48
49 48
62 49
50 49
63 50
51 50
64 51
65 52
53 52
65 53
54 53
66 54
55 54
67 55
56 55
67 56
57 56
68 57
58 57
44 58
59 44
69 59
60 59
70 60
61 60
71 61
62 61
71 62
63 62
72 63
64 63
72 64
73 65
66 65
67 66
74 67
68 67
75 68
58 68
76 58
69 58
77 69
60 69
78 60
79 70
71 70
80 71
81 71
72 71
82 72
83 73
65 73
83 65
84 66
67 74
75 74
85 75
76 75
86 76
58 76
87 58
77 58
87 77
78 77
79 78
88 79
80 79
89 80
81 80
89 81
72 81
90 72
91 82
92 83
93 83
84 83
94 84
67 84
95 67
85 67
96 85
86 85
96 86
87 86
97 87
98 87
78 87
88 78
99 88
89 88
100 89
101 89
90 89
102 90
91 90
102 91
103 92
93 92
104 93
94 93
105 94
67 94
106 67
107 95
96 95
108 96
109 96
97 96
110 97
98 97
111 98
78 98
99 78
112 99
100 99
112 100
101 100
112 101
102 101
112 102
113 102
114 103
104 103
115 104
105 104
106 105
105 106
107 106
116 107
108 107
116 108
109 108
117 109
110 109
118 110
111 110
119 111
78 111
120 78
112 78
120 112
121 112
122 112
113 112
123 113
124 114
115 114
125 115
105 115
126 105
116 105
127 116
117 116
128 117
118 117
129 118
119 118
130 119
120 119
131 120
132 120
112 120
133 112
134 121
122 121
135 122
123 122
135 123
136 124
125 124
137 125
126 125
138 126
105 126
139 105
140 116
141 127
128 127
142 128
129 128
143 129
130 129
144 130
131 130
145 131
132 131
146 132
133 132
147 133
134 133
148 134
135 134
149 135
150 135
151 136
137 136
152 137
138 137
153 138
139 138
154 139
140 139
155 140
141 140
156 141
142 141
157 142
143 142
157 143
144 143
158 144
145 144
159 145
146 145
160 146
147 146
161 147
148 147
149 148
162 149
150 149
163 150
164 151
152 151
165 152
153 152
166 153
154 153
167 154
155 154
168 155
156 155
169 156
157 156
170 157
171 157
158 157
172 158
159 158
160 159
173 160
161 160
174 161
148 161
175 148
162 148
176 162
163 162
177 163
165 164
166 165
167 166
168 167
169 168
170 169
171 170
172 171
159 172
173 159
174 173
175 174
176 175
177 176
4 1 6 1 6 8 0 4 0 3 2 6 0 8 0 3 6 5 4 7 2 1 5 4 7 3 4 8 3 4 5 2 7 0 8 7 6 6 4 2 1 4 6 7 3 5 7 8 1 4 3 7 6 5 4 5 8 5 6 8 5 4 8 4 6 4 1 6 0 2 1 0 1 1 5 8 3 7 1 0 3 2 5 3 2 7 1 0 3 7 2 0 1 8 5 3 6 2 8 8 3 0 4 0 4 0 2 6 0 3 8 7 7 3 2 5 1 7 1 3 5 2 0 8 5 7 3 7 2 8 0 6 4 3 0 3 8 5 7 3 7 2 5 3 4 8 0 8 3 0 6 0 3 0 2 1 0 1 2 7 6 2 2 5 5 2 3 0 7 5 4 5 0 0 7 1 6 4