147 312
12 0
13 0
1 0
14 1
2 1
15 2
3 2
16 3
4 3
16 4
5 4
17 5
6 5
17 6
7 6
17 7
8 7
18 8
9 8
10 9
11 10
19 12
13 12
14 13
15 14
20 15
16 15
21 16
17 16
22 17
23 17
24 17
18 17
25 18
9 18
25 9
11 9
26 11
27 11
28 19
14 19
29 14
30 14
20 14
31 20
16 20
32 16
33 16
34 21
22 21
35 22
17 22
36 17
37 23
24 23
38 24
25 24
39 25
26 25
40 26
27 26
41 27
42 28
29 28
30 29
31 30
43 31
32 31
43 32
33 32
43 33
34 33
44 34
35 34
45 35
36 35
46 36
37 36
47 37
38 37
48 38
25 38
49 25
50 39
40 39
51 40
41 40
52 41
53 42
29 42
53 29
43 30
54 43
44 43
55 44
45 44
56 45
46 45
47 46
57 47
48 47
58 48
49 48
59 49
50 49
60 50
51 50
52 51
61 53
62 53
30 53
63 30
54 30
64 54
43 54
65 43
55 43
66 55
56 55
67 56
46 56
68 46
57 46
68 57
58 57
69 58
59 58
70 59
60 59
70 60
51 60
71 51
71 52
72 61
62 61
73 62
63 62
74 63
54 63
75 54
75 64
65 64
76 65
66 65
77 66
67 66
68 67
78 68
69 68
78 69
70 69
79 70
71 70
80 71
81 71
73 72
82 73
74 73
83 74
75 74
84 75
76 75
77 76
85 77
67 77
86 67
78 67
87 78
88 78
70 78
89 70
90 79
80 79
90 80
81 80
91 72
82 72
92 82
83 82
93 83
75 83
94 75
95 84
76 84
95 76
85 76
95 85
86 85
95 86
78 86
96 87
88 87
97 88
89 88
97 89
90 89
98 90
99 90
81 90
100 81
101 91
92 91
102 92
93 92
102 93
94 93
95 94
103 95
104 95
105 95
78 95
96 78
97 96
96 97
98 97
106 98
99 98
107 99
100 99
108 100
109 101
102 101
110 102
111 102
94 102
112 94
113 95
114 103
104 103
115 104
105 104
116 105
96 105
117 96
106 96
118 106
107 106
119 107
108 107
120 108
121 109
110 109
122 110
111 110
123 111
112 111
124 112
113 112
124 113
114 113
125 114
115 114
126 115
116 115
127 116
117 116
128 117
96 117
129 96
118 96
130 118
119 118
131 119
120 119
131 120
132 121
122 121
123 122
124 123
133 124
125 124
124 125
126 125
124 126
127 126
117 127
134 117
135 128
129 128
136 129
130 129
131 130
130 131
137 132
123 132
138 123
139 123
133 123
140 133
124 133
141 124
142 124
127 124
134 127
128 134
143 128
144 135
136 135
130 136
145 130
146 130
138 137
139 138
140 139
141 140
142 141
134 142
143 134
144 143
136 144
145 136
146 145
2 1 0 2 3 1 4 3 4 1 0 4 3 4 0 1 4 0 2 4 2 0 2 3 1 4 2 0 2 3 2 3 1 2 1 4 3 2 3 2 3 4 0 4 3 1 2 0 4 3 4 0 3 1 3 1 0 4 1 4 1 0 2 0 1 2 0 4 1 3 0 4 4 3 1 4 0 1 2 2 1 2 0 3 3 3 1 1 4 2 3 2 3 1 0 4 3 0 1 0 3 1 2 2 1 0 4 1 2 0 1 0 1 2 1 3 1 4 1 3 1 3 0 1 0 2 1 3 3 2 3 4 0 2 0 0 4 2 4 2 4 2 1 4 3 2 0