134 300
12 0
13 0
1 0
13 1
2 1
14 2
3 2
15 3
16 3
4 3
16 4
5 4
6 5
7 6
6 7
8 7
9 8
8 9
17 9
10 9
18 10
11 10
19 11
20 12
13 12
21 13
22 13
14 13
23 14
15 14
23 15
16 15
23 16
24 16
6 16
25 6
8 6
6 8
26 8
17 8
27 17
18 17
27 18
19 18
28 19
29 20
21 20
22 21
30 22
23 22
31 23
32 23
24 23
6 24
33 6
34 25
6 25
35 6
36 6
26 6
27 26
26 27
37 27
28 27
38 29
21 29
39 21
30 21
40 30
31 30
41 31
32 31
42 32
24 32
43 24
33 24
44 33
34 33
45 34
35 34
45 35
36 35
46 36
26 36
47 26
37 26
26 37
28 37
48 28
39 38
40 39
39 40
41 40
49 41
31 41
50 31
42 31
51 42
43 42
44 43
45 44
52 45
46 45
47 46
53 47
26 47
54 26
48 26
55 38
56 39
57 39
49 39
50 49
51 50
50 51
43 51
58 43
59 44
52 44
60 52
45 52
61 45
62 46
53 46
63 53
54 53
64 54
26 54
65 48
56 55
57 56
66 57
50 57
67 50
68 50
58 50
59 58
60 59
69 60
61 60
70 61
62 61
71 62
63 62
72 63
64 63
26 64
65 26
73 65
66 56
56 66
50 66
56 50
74 67
68 67
75 68
58 68
76 58
76 59
69 59
77 69
70 69
77 70
71 70
77 71
72 71
26 72
64 72
73 26
78 73
79 56
80 56
74 56
81 74
75 74
82 75
76 75
82 76
83 76
77 76
84 77
26 77
85 26
86 26
78 26
87 78
88 56
89 79
80 79
90 80
56 80
91 56
81 56
92 81
82 81
93 82
83 82
94 83
84 83
26 84
95 26
96 26
86 85
97 86
87 86
98 88
89 88
99 89
90 89
99 90
91 90
100 91
92 91
101 92
93 92
101 93
94 93
26 94
102 26
96 95
85 96
96 85
97 85
103 97
87 97
104 87
105 98
99 98
106 99
100 99
107 100
101 100
108 101
109 101
26 101
110 26
111 26
112 102
96 102
113 96
114 96
103 96
115 103
104 103
99 105
116 106
107 106
116 107
108 107
117 108
109 108
101 109
118 101
110 101
111 110
119 111
112 111
119 112
113 112
114 113
120 114
115 114
121 115
104 115
122 104
123 105
123 99
116 99
124 116
125 116
117 116
126 117
109 117
118 109
127 118
110 118
128 110
119 110
129 119
113 119
130 113
120 113
131 120
114 120
132 114
121 114
132 121
122 121
133 122
124 123
125 124
126 125
109 126
127 109
128 127
129 128
130 129
131 130
132 131
133 132
0 2 1 2 1 0 2 3 1 0 2 1 3 1 4 1 0 2 1 2 0 3 4 3 4 3 4 3 1 4 2 4 0 1 4 0 3 2 0 1 0 3 1 2 3 2 0 3 2 0 2 0 4 4 0 3 0 3 4 0 1 3 4 3 2 0 1 0 3 4 0 3 1 2 2 4 1 2 1 2 1 4 0 4 0 0 1 0 1 4 0 3 0 4 2 1 3 2 4 1 0 3 2 0 2 0 4 2 0 4 1 2 0 2 0 1 0 2 2 3 4 2 3 2 4 2 1 0 2 4 3 0 3 4