139 303
13 0
1 0
2 1
14 2
1 2
3 1
15 3
4 3
16 4
5 4
6 5
17 6
7 6
8 7
18 8
9 8
19 9
10 9
20 10
11 10
21 11
12 11
22 12
23 12
24 13
1 13
14 1
1 14
15 1
1 15
16 15
25 16
5 16
26 5
17 5
27 17
7 17
18 7
19 18
20 19
21 20
22 21
23 22
28 23
1 24
29 1
30 1
25 1
31 25
26 25
27 26
32 27
7 27
33 7
19 7
34 19
35 19
36 21
37 22
28 22
38 28
29 24
39 29
30 29
40 30
1 30
41 1
42 1
31 1
43 31
26 31
32 26
33 32
44 33
34 33
45 34
35 34
46 35
20 35
47 20
36 20
37 36
48 37
38 37
49 38
39 24
50 39
40 39
41 40
51 41
42 41
52 42
43 42
53 43
26 43
44 26
44 32
45 44
54 45
46 45
55 46
47 46
36 47
48 36
49 48
56 49
57 24
50 24
58 50
40 50
58 40
51 40
59 51
52 51
59 52
53 52
60 53
44 53
61 44
62 44
54 44
55 54
63 55
47 55
64 48
56 48
64 56
58 57
57 58
65 58
59 58
66 59
67 59
60 59
67 60
61 60
68 61
62 61
69 62
54 62
70 54
71 54
63 54
72 63
36 63
73 36
74 36
64 36
75 64
76 64
77 57
78 57
65 57
79 65
66 65
80 66
67 66
81 67
82 67
68 67
83 68
69 68
84 69
70 69
85 70
71 70
86 71
72 71
87 72
73 72
87 73
74 73
88 74
75 74
89 75
76 75
90 76
78 77
91 78
79 78
92 79
80 79
93 80
81 80
94 81
82 81
95 82
83 82
84 83
85 84
96 85
86 85
97 86
87 86
88 87
90 88
89 88
98 89
90 89
91 77
92 91
99 92
93 92
100 93
94 93
100 94
95 94
84 95
95 84
96 84
101 96
97 96
102 97
87 97
103 87
104 87
90 87
98 90
90 98
99 91
105 99
100 99
106 100
95 100
107 95
108 95
101 95
102 101
109 102
103 102
110 103
104 103
111 104
90 104
111 90
112 90
113 77
113 91
105 91
106 105
95 106
114 95
115 95
115 107
108 107
116 108
101 108
117 101
109 101
118 109
110 109
118 110
111 110
119 111
112 111
120 112
121 112
122 113
106 113
123 106
114 106
124 114
115 114
125 115
126 115
116 115
127 116
117 116
118 117
128 118
119 118
129 119
120 119
130 120
121 120
131 121
132 113
123 122
133 123
124 123
125 124
126 125
125 126
127 126
117 127
128 117
134 128
118 128
135 118
135 119
136 129
130 129
137 130
131 130
138 131
123 132
125 133
127 125
134 117
135 134
136 135
137 136
138 137
3 0 3 4 3 4 3 4 0 2 0 2 3 1 1 2 0 1 3 1 4 1 2 1 4 4 0 3 0 3 1 1 2 0 2 0 2 3 4 1 2 4 2 3 3 4 1 3 0 2 3 1 4 0 2 0 3 1 4 0 4 2 0 1 4 0 4 1 3 2 1 3 0 1 4 3 2 4 0 1 3 2 0 1 3 0 2 4 2 0 3 2 4 1 3 2 2 0 4 1 0 4 3 0 2 4 1 4 1 2 3 0 4 3 3 1 2 0 1 3 0 1 1 4 2 3 2 1 2 4 1 2 1 0 3 0 1 4 0