131 286
14 0
1 0
2 1
3 2
4 3
5 4
6 5
5 6
7 6
8 7
15 8
9 8
16 9
10 9
17 10
11 10
18 11
12 11
19 12
13 12
20 13
21 13
22 14
1 14
22 1
4 2
23 5
7 5
24 7
15 7
25 15
16 15
26 16
17 16
18 17
27 18
19 18
28 19
20 19
29 20
21 20
30 21
31 22
4 22
32 4
33 4
23 4
34 23
5 23
35 5
24 5
35 24
25 24
26 25
36 26
17 26
37 17
27 17
37 27
28 27
29 28
28 29
30 29
38 30
39 31
40 31
32 31
41 32
33 32
42 33
34 33
43 34
35 34
44 35
25 35
45 25
36 25
37 36
46 37
28 37
47 28
48 28
38 28
40 39
39 40
41 40
42 41
49 42
33 42
43 33
44 43
50 44
45 44
51 45
36 45
52 36
46 36
53 46
47 46
48 47
38 48
54 39
55 39
41 39
49 41
56 49
43 49
57 43
50 43
44 50
51 44
58 51
52 51
58 52
53 52
59 53
47 53
60 38
61 54
55 54
62 55
41 55
56 41
43 56
56 43
63 57
44 57
64 44
58 44
59 58
47 59
65 47
60 48
66 61
62 61
67 62
56 62
68 56
69 56
63 56
70 63
64 63
71 64
59 64
72 59
73 59
74 59
75 65
48 65
75 48
76 60
67 66
68 67
70 68
69 68
70 69
64 70
77 64
78 71
72 71
79 72
73 72
79 73
74 73
79 74
47 74
80 47
75 47
81 75
76 75
82 76
83 67
70 67
84 70
77 70
78 77
85 78
79 78
86 79
87 79
80 79
88 80
75 80
89 75
90 81
82 81
91 82
92 66
83 66
93 83
84 83
94 84
95 84
77 84
96 77
85 77
97 85
79 85
97 79
98 86
87 86
99 87
88 87
100 88
89 88
100 89
90 89
101 90
91 90
102 91
93 92
103 93
94 93
104 94
105 94
95 94
106 95
107 95
96 95
107 96
97 96
107 97
108 97
98 97
109 98
99 98
110 99
100 99
110 100
111 100
101 100
112 101
102 101
113 92
103 92
104 103
114 104
105 104
115 105
106 105
107 106
116 107
108 107
117 108
109 108
118 109
110 109
118 110
111 110
119 111
112 111
102 112
120 113
103 113
120 103
114 103
121 114
115 114
122 115
107 115
123 107
124 107
124 116
107 116
125 107
117 107
126 117
118 117
127 118
128 118
110 118
129 110
119 110
112 119
130 102
121 120
122 121
123 122
124 123
125 124
126 125
127 126
128 127
129 128
119 129
130 112
2 3 2 4 1 3 1 0 4 3 0 2 1 0 0 2 1 2 0 3 1 2 4 4 2 4 0 1 2 0 1 1 4 0 3 1 1 3 4 2 3 0 4 2 0 2 2 3 0 1 1 1 0 1 0 1 3 1 3 2 2 3 2 0 4 1 4 0 4 2 1 1 4 3 1 4 0 0 2 0 1 0 3 3 4 3 4 3 2 1 2 4 1 4 1 2 3 1 2 4 3 1 0 3 2 0 1 4 3 4 1 0 2 4 4 1 2 2 0 3 0 2 4 0 3 1 0 3 1 0 3