147 308
14 0
1 0
14 1
2 1
15 2
3 2
16 3
4 3
5 4
6 5
7 6
17 7
8 7
18 8
9 8
10 9
19 10
11 10
20 11
12 11
21 12
13 12
21 13
22 14
15 14
23 15
16 15
24 16
4 16
25 4
6 4
26 6
27 6
28 7
18 17
29 18
9 18
30 9
19 9
31 19
20 19
32 20
21 20
32 21
33 21
14 22
23 14
24 23
23 24
25 24
34 25
26 25
35 26
27 26
36 27
28 27
37 28
17 28
38 17
29 17
30 29
29 30
31 30
39 31
32 31
40 32
41 32
33 32
42 33
43 22
44 14
44 23
45 23
34 23
46 34
35 34
47 35
36 35
48 36
37 36
49 37
38 37
50 38
29 38
51 29
39 29
52 39
40 39
53 40
41 40
54 41
42 41
55 42
56 43
44 43
57 44
58 44
45 44
46 45
47 46
59 47
48 47
60 48
49 48
61 49
50 49
62 50
51 50
52 51
53 52
54 53
63 54
55 54
64 55
65 56
57 56
66 57
58 57
67 58
46 58
59 46
68 59
60 59
69 60
61 60
70 61
62 61
70 62
51 62
71 51
72 52
73 52
63 53
64 63
74 64
75 65
66 65
75 66
67 66
75 67
46 67
76 46
68 46
69 68
77 69
70 69
77 70
78 70
71 70
79 71
72 71
80 72
73 72
80 73
53 73
81 53
82 63
74 63
83 75
84 75
76 75
46 76
85 46
77 68
78 77
86 78
79 78
87 79
80 79
88 80
89 80
81 80
90 81
82 81
91 82
74 82
92 83
75 83
93 75
94 84
76 84
95 76
85 76
77 85
96 77
86 77
97 86
87 86
98 87
88 87
99 88
89 88
100 89
90 89
100 90
91 90
100 91
74 91
101 74
102 92
93 92
103 93
94 93
103 94
95 94
104 95
77 95
105 77
106 77
107 96
108 96
97 96
109 97
98 97
110 98
99 98
111 99
100 99
112 100
113 100
101 100
114 102
103 102
115 103
116 103
104 103
117 104
105 104
106 105
107 106
118 107
108 107
119 108
109 108
120 109
110 109
111 110
121 111
100 111
122 100
123 112
113 112
124 113
101 113
125 101
115 114
116 115
126 116
117 116
106 117
127 106
118 106
128 118
119 118
129 119
120 119
110 120
120 110
121 110
122 121
124 122
123 122
124 123
125 124
130 114
131 115
126 115
132 126
117 126
132 117
133 106
134 127
128 127
135 128
129 128
120 129
136 120
121 120
137 121
124 121
137 124
137 125
138 130
131 130
139 131
132 131
140 132
133 132
141 133
134 133
142 134
135 134
129 135
143 120
143 136
137 136
144 137
145 137
146 137
139 138
132 139
141 140
142 141
135 142
143 129
137 143
137 144
146 145
4 2 3 0 4 2 1 4 1 4 3 2 4 0 3 4 3 2 3 1 4 3 4 1 4 0 3 4 1 0 1 4 1 2 2 4 2 4 1 2 0 4 1 3 0 3 1 2 4 1 3 2 4 1 3 4 2 1 3 3 0 2 1 2 1 0 2 4 2 1 4 1 2 3 0 3 0 0 2 0 4 3 1 2 1 3 3 1 0 2 1 2 3 1 4 1 4 0 2 3 4 3 0 2 4 3 4 2 3 4 3 2 3 2 4 1 0 1 3 1 2 4 1 0 3 1 2 0 4 3 1 2 4 3 2 0 3 2 0 1 1 2 3 0 0 1 0