73 148
7 0
8 0
1 0
9 1
2 1
3 2
10 3
4 3
11 4
5 4
11 5
12 5
6 5
13 6
14 7
8 7
15 8
9 8
15 9
2 9
16 2
10 2
4 10
10 4
17 11
12 11
18 12
13 12
18 13
19 14
15 14
20 15
21 15
16 15
22 16
10 16
23 10
24 10
17 10
25 17
18 17
26 18
27 19
20 19
28 20
21 20
29 21
22 21
23 22
22 23
24 23
30 24
17 24
31 17
32 25
18 25
33 26
34 27
28 27
35 28
29 28
36 29
22 29
37 22
38 22
30 22
38 30
31 30
39 31
32 31
39 32
18 32
39 18
33 18
40 33
41 34
35 34
42 35
36 35
43 36
37 36
44 37
38 37
45 38
46 38
39 38
47 39
48 39
49 39
40 39
50 40
42 41
51 42
43 42
52 43
44 43
53 44
45 44
53 45
46 45
54 46
47 46
48 47
55 48
49 48
50 49
56 50
57 41
51 41
58 51
52 51
59 52
53 52
60 53
61 53
54 53
62 54
47 54
63 47
55 47
64 55
49 55
65 49
56 49
66 56
58 57
67 58
59 58
68 59
60 59
69 60
61 60
70 61
62 61
71 62
63 62
71 63
64 63
72 64
65 64
66 65
67 57
68 67
69 68
70 69
71 70
72 71
66 72
5 0 4 2 4 5 1 1 3 6 6 0 3 4 4 0 2 3 2 3 5 2 5 3 5 1 3 1 4 3 4 2 3 0 0 2 6 4 3 1 3 3 4 3 5 6 0 5 2 5 4 6 0 2 3 6 3 4 5 6 3 0 6 1 2 1 2 1 5 1 2 3 4