71 142
10 0
1 0
11 1
2 1
12 2
3 2
13 3
4 3
14 4
5 4
15 5
6 5
16 6
7 6
17 7
8 7
18 8
9 8
19 9
20 10
11 10
20 11
12 11
20 12
13 12
21 13
14 13
21 14
15 14
16 15
22 16
17 16
23 17
18 17
24 18
19 18
25 19
26 20
27 20
28 20
21 20
29 21
30 21
15 21
23 15
22 15
23 22
24 23
31 24
25 24
32 25
27 26
26 27
28 27
29 28
33 29
30 29
33 30
23 30
34 23
31 23
34 31
32 31
35 32
36 26
37 26
28 26
38 28
33 28
38 33
34 33
39 34
40 34
41 34
42 34
35 34
43 35
37 36
44 37
38 37
45 38
46 38
33 38
47 33
39 33
48 39
40 39
49 40
41 40
50 41
42 41
50 42
43 42
51 43
52 36
44 36
53 44
45 44
54 45
46 45
47 46
48 47
47 48
49 48
47 49
50 49
55 50
51 50
56 51
57 52
53 52
58 53
54 53
59 54
46 54
60 46
60 47
61 47
62 47
55 47
63 55
56 55
64 56
65 57
58 57
66 58
59 58
60 59
67 60
61 60
62 61
68 62
63 62
69 63
64 63
70 64
66 65
59 66
61 67
68 61
63 68
70 69
2 3 5 2 1 5 3 0 3 2 6 4 1 4 2 6 0 4 5 3 5 1 1 5 2 4 3 1 2 3 4 4 3 5 3 4 6 4 3 0 4 6 1 5 1 4 2 0 1 3 0 1 3 2 1 2 3 4 3 4 1 2 5 6 0 2 0 6 1 5 1