72 142
1 0
2 1
9 2
3 2
10 3
4 3
11 4
5 4
12 5
6 5
13 6
7 6
13 7
8 7
14 1
15 1
16 2
10 9
11 10
17 11
12 11
18 12
13 12
19 13
20 13
8 13
21 8
22 14
15 14
23 15
16 15
23 16
10 16
23 10
24 10
17 10
25 17
18 17
26 18
19 18
27 19
20 19
28 20
21 20
29 21
30 22
23 22
31 23
32 23
33 23
24 23
34 24
25 24
35 25
26 25
35 26
27 26
36 27
28 27
37 28
29 28
38 29
39 30
31 30
40 31
32 31
41 32
33 32
42 33
34 33
43 34
35 34
44 35
45 35
36 35
45 36
37 36
46 37
38 37
47 38
48 39
40 39
49 40
41 40
50 41
42 41
51 42
43 42
44 43
45 44
44 45
46 45
47 46
52 47
53 48
49 48
54 49
50 49
51 50
55 51
44 51
56 44
46 44
57 46
52 46
58 53
54 53
59 54
50 54
60 50
55 50
61 55
44 55
62 44
63 56
44 56
64 44
57 44
65 57
52 57
65 52
66 58
59 58
67 59
60 59
67 60
61 60
68 61
62 61
69 62
63 62
69 63
64 63
70 64
65 64
71 65
67 66
68 67
69 68
70 69
71 70
65 71
1 0 6 1 2 0 1 3 1 1 0 4 1 0 2 3 5 1 0 3 2 6 1 2 6 3 1 2 4 0 2 6 5 4 3 0 3 6 2 4 2 4 0 4 3 6 0 6 2 5 6 1 2 5 0 2 0 6 6 4 0 3 2 3 6 3 3 5 4 6 5 2