73 150
6 0
7 0
8 0
9 0
1 0
2 1
10 2
11 2
3 2
11 3
4 3
12 4
5 4
13 6
7 6
13 7
8 7
14 8
9 8
15 9
1 9
16 1
10 1
17 10
11 10
18 11
19 11
12 11
19 12
5 12
20 5
21 13
22 13
14 13
23 14
15 14
24 15
16 15
25 16
17 16
25 17
18 17
19 18
26 19
20 19
27 20
28 21
22 21
29 22
23 22
30 23
24 23
30 24
25 24
31 25
32 25
18 25
33 18
34 19
35 26
27 26
36 27
37 28
29 28
37 29
30 29
38 30
31 30
39 31
32 31
40 32
33 32
41 33
34 33
41 34
35 34
42 35
36 35
43 36
44 37
45 37
38 37
30 38
46 30
39 30
40 39
47 40
41 40
48 41
42 41
49 42
43 42
50 43
51 44
45 44
38 45
52 38
46 38
53 46
39 46
54 39
47 39
54 47
48 47
41 48
55 41
49 41
56 49
50 49
56 50
45 51
57 45
52 45
58 52
53 52
59 53
54 53
60 54
61 54
48 54
62 48
55 48
63 55
56 55
64 56
65 51
57 51
66 57
58 57
66 58
59 58
67 59
60 59
68 60
61 60
69 61
62 61
70 62
63 62
71 63
56 63
72 56
72 64
66 65
67 66
68 67
69 68
70 69
71 70
72 71
5 4 2 6 3 2 2 3 2 1 6 0 6 1 0 4 0 1 5 4 1 5 6 2 0 6 1 2 3 2 5 3 2 6 2 4 1 6 0 6 4 1 3 5 0 3 3 3 6 2 3 6 4 5 1 4 6 0 2 3 5 3 1 5 0 5 1 0 6 0 6 1 3