69 141
7 0
1 0
8 1
9 1
2 1
10 2
3 2
11 3
4 3
12 4
5 4
13 5
14 5
6 5
15 6
8 7
7 8
9 8
16 9
10 9
16 10
3 10
16 3
17 11
12 11
18 12
13 12
19 13
14 13
20 14
15 14
20 15
21 7
16 7
22 16
23 16
17 16
24 17
18 17
25 18
19 18
20 19
26 20
27 20
28 7
29 21
22 21
30 22
31 22
23 22
32 23
24 23
33 24
25 24
34 25
19 25
26 19
27 26
35 27
36 28
29 28
37 29
30 29
38 30
31 30
39 31
32 31
40 32
33 32
34 33
41 34
26 34
42 26
35 26
43 35
44 36
37 36
45 37
38 37
46 38
39 38
47 39
40 39
47 40
33 40
48 33
41 33
48 41
42 41
48 42
43 42
49 44
45 44
46 45
47 46
50 47
51 47
48 47
52 48
53 48
42 48
54 43
45 49
55 45
55 46
50 46
56 50
51 50
56 51
52 51
57 52
53 52
58 53
48 53
58 48
59 48
54 48
60 54
55 49
61 55
62 55
56 55
63 56
64 56
57 56
58 57
65 58
66 58
59 58
67 59
60 59
68 60
61 49
62 61
63 62
64 63
57 64
65 57
66 65
67 66
68 67
2 6 2 4 2 4 6 0 5 4 3 1 3 2 5 1 2 6 5 0 6 5 1 6 1 4 4 2 1 0 4 0 2 5 6 0 0 6 3 6 1 2 0 5 6 3 6 5 4 1 1 3 0 2 1 0 4 3 1 0 5 4 6 3 0 4 5 6 3