324 672
1 0
17 1
18 1
2 1
19 2
3 2
20 3
4 3
21 4
5 4
22 5
6 5
23 6
7 6
24 7
8 7
25 8
9 8
26 9
10 9
27 10
11 10
12 11
13 12
28 13
14 13
29 14
15 14
29 15
30 15
16 15
31 16
32 0
17 0
33 17
18 17
34 18
19 18
35 19
20 19
36 20
21 20
37 21
22 21
38 22
23 22
24 23
25 24
39 25
26 25
40 26
27 26
41 27
12 27
41 12
42 12
28 12
43 28
29 28
44 29
45 29
46 29
30 29
47 30
31 30
48 31
49 32
33 32
49 33
34 33
50 34
35 34
51 35
36 35
52 36
37 36
53 37
38 37
54 38
23 38
55 23
56 24
39 24
57 39
40 39
58 40
41 40
59 41
60 41
42 41
61 42
43 42
62 43
44 43
45 44
63 45
46 45
64 46
47 46
65 47
48 47
66 48
67 49
68 49
50 49
68 50
51 50
69 51
52 51
70 52
53 52
71 53
54 53
72 54
55 54
73 55
56 55
74 56
57 56
75 57
58 57
76 58
59 58
77 59
60 59
78 60
61 60
79 61
62 61
80 62
44 62
81 44
63 44
82 63
64 63
83 64
65 64
83 65
66 65
84 66
85 67
68 67
86 68
87 68
69 68
88 69
70 69
89 70
71 70
90 71
72 71
91 72
73 72
92 73
74 73
93 74
75 74
94 75
76 75
95 76
77 76
96 77
78 77
97 78
79 78
97 79
80 79
98 80
81 80
98 81
82 81
99 82
83 82
100 83
101 83
84 83
102 84
103 85
86 85
103 86
87 86
104 87
88 87
105 88
89 88
106 89
90 89
107 90
91 90
108 91
92 91
108 92
93 92
94 93
109 94
95 94
110 95
96 95
111 96
97 96
111 97
112 97
98 97
113 98
114 98
99 98
115 99
100 99
101 100
116 101
102 101
117 103
118 103
104 103
119 104
105 104
120 105
106 105
107 106
106 107
108 107
121 108
93 108
122 93
109 93
123 109
110 109
124 110
111 110
125 111
126 111
112 111
127 112
113 112
127 113
114 113
128 114
115 114
129 115
100 115
130 100
116 100
131 116
102 116
132 102
133 117
118 117
134 118
119 118
135 119
120 119
136 120
106 120
137 106
121 106
138 121
139 121
122 121
139 122
123 122
140 123
124 123
141 124
125 124
142 125
126 125
143 126
127 126
144 127
145 127
128 127
146 128
129 128
147 129
130 129
148 130
131 130
149 131
132 131
150 132
151 133
134 133
152 134
135 134
153 135
136 135
154 136
137 136
155 137
106 137
156 106
138 106
157 138
139 138
158 139
159 139
140 139
160 140
141 140
161 141
142 141
162 142
143 142
144 143
163 144
145 144
164 145
146 145
164 146
147 146
148 147
165 148
149 148
165 149
150 149
166 150
167 151
152 151
168 152
153 152
169 153
154 153
170 154
155 154
171 155
156 155
171 156
157 156
172 157
158 157
173 158
159 158
174 159
160 159
175 160
161 160
176 161
162 161
177 162
143 162
178 143
163 143
179 163
164 163
180 164
181 164
147 164
182 147
165 147
183 165
184 165
166 165
185 166
186 167
168 167
187 168
169 168
188 169
170 169
189 170
171 170
190 171
172 171
191 172
173 172
192 173
174 173
193 174
175 174
176 175
177 176
194 177
178 177
195 178
179 178
196 179
180 179
196 180
181 180
197 181
182 181
198 182
183 182
199 183
184 183
200 184
185 184
201 185
202 186
187 186
203 187
188 187
204 188
189 188
205 189
190 189
206 190
171 190
207 171
191 171
208 191
192 191
208 192
193 192
209 193
175 193
210 175
194 176
211 194
195 194
212 195
196 195
213 196
197 196
198 197
214 198
199 198
215 199
200 199
216 200
201 200
217 201
203 202
218 203
204 203
205 204
219 205
206 205
219 206
207 206
220 207
208 207
221 208
222 208
209 208
210 209
223 210
176 210
224 176
211 176
225 211
212 211
226 212
213 212
227 213
196 213
228 196
229 197
214 197
230 214
215 214
231 215
216 215
232 216
217 216
233 217
218 202
234 218
204 218
235 204
219 204
236 219
237 219
220 219
238 220
221 220
239 221
222 221
240 222
209 222
241 209
223 209
242 223
224 223
243 224
225 224
244 225
226 225
244 226
227 226
228 227
245 228
229 228
246 229
230 229
247 230
231 230
248 231
232 231
249 232
233 232
249 233
250 202
234 202
251 234
235 234
252 235
236 235
253 236
237 236
254 237
238 237
239 238
255 239
240 239
255 240
241 240
256 241
242 241
257 242
243 242
258 243
244 243
227 244
259 227
245 227
246 245
260 246
247 246
261 247
248 247
262 248
249 248
263 249
264 249
265 250
251 250
266 251
252 251
267 252
253 252
268 253
254 253
269 254
238 254
270 238
255 238
270 255
256 255
271 256
257 256
272 257
258 257
273 258
244 258
274 244
275 244
259 244
276 259
245 259
260 245
277 260
261 260
278 261
262 261
263 262
264 263
279 265
266 265
267 266
280 267
268 267
281 268
269 268
281 269
270 269
281 270
282 270
255 270
283 255
271 255
284 271
272 271
285 272
273 272
286 273
274 273
286 274
275 274
286 275
276 275
287 276
245 276
288 245
277 245
289 277
278 277
290 278
262 278
291 262
292 263
293 264
294 279
266 279
295 266
280 266
296 280
281 280
296 281
297 281
298 281
282 281
299 282
283 282
300 283
284 283
301 284
285 284
301 285
286 285
302 286
303 286
287 286
303 287
288 287
304 288
289 288
305 289
290 289
306 290
291 290
307 291
292 291
308 292
293 292
309 293
310 294
295 294
311 295
296 295
312 296
313 296
297 296
314 297
298 297
315 298
299 298
316 299
300 299
316 300
301 300
316 301
302 301
286 302
317 286
318 303
319 303
304 303
320 304
305 304
306 305
307 306
321 307
308 307
322 308
309 308
323 309
311 310
312 311
313 312
314 313
315 314
316 315
302 316
317 302
318 317
319 318
320 319
306 320
321 306
322 321
323 322
3 6 8 3 2 0 7 8 5 2 5 2 7 6 9 8 3 2 3 7 4 7 6 1 6 1 6 3 9 3 9 7 7 9 0 3 2 0 8 0 7 4 1 0 2 0 4 0 3 4 2 5 8 7 3 4 0 8 0 2 8 2 3 7 2 1 6 1 0 9 3 2 9 5 3 4 9 5 7 1 5 6 2 0 5 5 2 6 0 7 5 7 0 2 3 6 7 2 0 8 7 9 0 1 3 8 3 0 4 7 9 1 6 8 6 2 8 0 7 2 5 1 5 1 5 0 5 0 3 8 9 7 1 9 6 1 0 6 5 4 2 4 1 7 5 6 0 1 6 4 7 2 7 6 3 7 5 4 0 8 1 5 6 3 2 9 6 8 6 3 8 9 1 5 2 3 7 4 3 9 3 7 8 0 1 2 9 7 6 3 5 6 1 6 2 0 1 8 5 7 8 4 3 2 8 1 8 0 5 4 5 6 3 5 7 9 7 0 6 2 9 6 9 7 0 9 5 8 7 1 6 1 3 6 9 4 5 7 8 2 1 3 4 3 4 5 7 5 3 8 1 0 6 1 6 3 8 5 8 6 0 2 6 0 6 2 1 5 0 1 2 9 2 6 0 2 7 7 8 7 2 8 6 1 2 6 8 5 8 3 6 7 8 3 2 6 0 5 1 4 7 9 3 1 2 4 3 2 0 1 9 1 3 1 6 9 0 2 3 0 7 0 3 2