322 671
17 0
1 0
18 1
2 1
19 2
20 2
3 2
21 3
4 3
22 4
5 4
23 5
6 5
24 6
7 6
25 7
8 7
26 8
27 8
9 8
28 9
10 9
29 10
11 10
30 11
12 11
31 12
13 12
31 13
14 13
31 14
15 14
32 15
33 15
16 15
34 16
35 17
18 17
36 18
19 18
37 19
20 19
38 20
21 20
39 21
22 21
40 22
23 22
41 23
24 23
42 24
25 24
43 25
26 25
43 26
27 26
44 27
28 27
45 28
29 28
46 29
30 29
47 30
31 30
48 31
49 31
50 31
32 31
50 32
33 32
51 33
34 33
52 34
53 35
36 35
53 36
37 36
54 37
38 37
55 38
39 38
40 39
56 40
41 40
57 41
42 41
58 42
43 42
59 43
60 43
44 43
61 44
45 44
46 45
47 46
46 47
48 47
62 48
49 48
63 49
50 49
64 50
65 50
51 50
66 51
52 51
67 52
68 53
54 53
68 54
55 54
69 55
39 55
70 39
56 39
71 56
57 56
72 57
58 57
59 58
58 59
60 59
73 60
61 60
74 61
45 61
75 45
76 46
77 46
62 46
78 62
63 62
79 63
64 63
80 64
65 64
81 65
66 65
67 66
82 53
83 68
69 68
84 69
70 69
85 70
71 70
86 71
72 71
87 72
58 72
88 58
73 58
89 73
74 73
90 74
75 74
91 75
76 75
92 76
77 76
93 77
78 77
94 78
79 78
95 79
80 79
96 80
81 80
97 81
66 81
98 66
98 67
99 82
83 82
100 83
101 83
84 83
102 84
85 84
103 85
86 85
87 86
88 87
104 88
58 88
105 58
89 58
106 89
90 89
107 90
91 90
108 91
92 91
109 92
93 92
110 93
94 93
111 94
95 94
112 95
96 95
113 96
97 96
98 97
114 98
115 99
100 99
116 100
101 100
117 101
102 101
118 102
103 102
119 103
86 103
120 86
121 87
104 87
122 104
105 104
123 105
106 105
124 106
107 106
125 107
108 107
126 108
109 108
127 109
110 109
111 110
128 111
112 111
129 112
113 112
130 113
97 113
131 97
114 97
132 114
98 114
132 98
133 115
116 115
134 116
117 116
118 117
119 118
135 119
120 119
136 120
121 120
137 121
122 121
138 122
123 122
124 123
139 124
125 124
140 125
126 125
141 126
127 126
142 127
110 127
143 110
128 110
144 128
129 128
145 129
130 129
146 130
131 130
147 131
132 131
148 132
149 132
150 133
134 133
151 134
118 134
152 118
153 118
135 118
154 135
136 135
155 136
137 136
156 137
138 137
157 138
123 138
158 123
139 123
159 139
140 139
160 140
141 140
161 141
142 141
162 142
143 142
163 143
144 143
145 144
146 145
164 146
147 146
165 147
148 147
165 148
149 148
166 149
151 150
152 151
153 152
167 153
154 153
168 154
155 154
156 155
169 156
157 156
169 157
158 157
170 158
159 158
171 159
160 159
171 160
161 160
172 161
162 161
173 162
163 162
174 163
145 163
175 145
176 145
164 145
177 164
165 164
178 165
179 165
166 165
180 166
181 151
182 152
167 152
183 167
168 167
183 168
155 168
169 155
184 169
170 169
185 170
171 170
186 171
187 171
172 171
187 172
173 172
188 173
174 173
189 174
175 174
190 175
176 175
191 176
177 176
192 177
178 177
193 178
179 178
194 179
180 179
195 151
196 181
182 181
197 182
183 182
198 183
199 183
155 183
200 155
184 155
201 184
169 184
202 169
185 169
203 185
186 185
204 186
187 186
205 187
206 187
188 187
206 188
189 188
207 189
190 189
207 190
191 190
208 191
192 191
209 192
193 192
210 193
194 193
210 194
180 194
211 180
212 195
196 195
213 196
197 196
214 197
198 197
214 198
199 198
215 199
200 199
216 200
201 200
217 201
202 201
218 202
203 202
219 203
204 203
205 204
220 205
206 205
220 206
221 206
207 206
222 207
223 207
208 207
224 208
209 208
210 209
225 210
226 210
211 210
227 211
228 212
213 212
229 213
214 213
230 214
231 214
215 214
232 215
216 215
233 216
217 216
234 217
218 217
219 218
235 219
204 219
236 204
220 204
236 220
237 220
221 220
238 221
222 221
238 222
223 222
209 223
224 223
209 224
225 209
239 225
226 225
240 226
227 226
241 227
229 228
242 229
230 229
242 230
231 230
243 231
232 231
244 232
233 232
245 233
234 233
246 234
218 234
247 218
235 218
236 235
235 236
248 236
237 236
249 237
238 237
250 238
209 238
251 209
252 209
253 209
239 209
254 239
240 239
255 240
241 240
256 241
257 228
242 228
258 242
259 242
243 242
244 243
260 244
245 244
260 245
246 245
261 246
247 246
262 247
235 247
263 235
264 235
248 235
265 248
249 248
266 249
250 249
267 250
238 250
268 238
251 238
269 251
252 251
270 252
253 252
271 253
254 253
272 254
255 254
273 255
256 255
274 256
275 257
258 257
276 258
259 258
277 259
243 259
260 243
278 260
279 260
261 260
280 261
262 261
280 262
263 262
281 263
264 263
282 264
265 264
283 265
266 265
284 266
267 266
268 267
285 268
269 268
286 269
270 269
287 270
271 270
288 271
272 271
289 272
273 272
290 273
274 273
291 274
292 275
276 275
293 276
277 276
294 277
243 277
295 243
278 243
295 278
279 278
296 279
280 279
297 280
281 280
280 281
282 281
298 282
283 282
299 283
284 283
267 284
300 267
285 267
301 285
286 285
302 286
287 286
303 287
288 287
304 288
289 288
305 289
290 289
306 290
291 290
306 291
293 292
307 293
294 293
308 294
295 294
309 295
310 295
296 295
311 296
297 296
280 297
312 280
298 280
313 298
299 298
314 299
284 299
314 284
300 284
315 300
301 300
316 301
302 301
317 302
303 302
318 303
304 303
319 304
305 304
319 305
306 305
320 306
321 306
307 292
308 307
309 308
310 309
311 310
297 311
312 297
280 312
313 280
314 313
315 314
316 315
317 316
318 317
319 318
320 319
321 320
4 8 6 2 1 6 8 5 4 3 2 4 0 7 0 2 8 6 1 0 9 7 5 0 2 7 3 7 0 7 2 1 0 9 1 1 4 2 4 8 4 6 8 0 3 1 9 4 8 0 8 5 9 3 8 2 5 2 0 9 6 4 1 9 0 7 8 4 5 6 7 8 4 9 1 3 7 6 5 4 1 9 8 9 1 5 3 0 1 1 5 2 6 7 9 6 0 6 1 2 0 1 9 4 9 2 0 9 7 8 5 3 0 2 5 6 7 0 8 9 8 5 4 7 1 5 8 0 1 6 7 9 8 9 1 4 7 2 6 3 6 3 1 2 4 8 4 3 7 3 0 6 5 4 1 3 9 1 4 1 8 9 7 6 7 4 9 3 4 4 8 2 5 4 1 7 1 6 2 3 0 9 1 6 7 9 5 4 1 7 4 3 9 7 4 9 1 6 5 2 1 0 6 4 2 3 2 1 0 4 5 1 3 2 7 3 8 9 4 7 7 6 7 6 8 9 3 8 6 4 5 4 2 1 6 3 0 5 2 8 2 4 1 7 1 2 0 5 7 3 9 7 1 8 6 3 6 0 4 5 8 2 3 4 9 3 0 6 5 1 0 6 7 8 7 5 6 4 0 2 8 9 0 5 3 8 5 4 7 0 4 6 6 9 8 3 8 7 4 2 8 7 1 0 2 1 7 3 2 4 5 4 3 9 7 5 3 6 2 9 2 3