329 678
20 0
1 0
21 1
2 1
22 2
3 2
4 3
3 4
5 4
23 5
6 5
24 6
7 6
24 7
8 7
25 8
9 8
26 9
10 9
27 10
11 10
28 11
12 11
29 12
13 12
30 13
14 13
31 14
15 14
32 15
16 15
33 16
17 16
34 17
18 17
35 18
19 18
36 19
37 20
21 20
38 21
22 21
39 22
3 22
40 3
41 3
23 3
42 23
24 23
43 24
25 24
44 25
26 25
45 26
27 26
46 27
28 27
46 28
29 28
47 29
30 29
48 30
31 30
49 31
32 31
50 32
33 32
51 33
34 33
52 34
35 34
53 35
36 35
54 36
55 37
38 37
56 38
39 38
57 39
40 39
58 40
41 40
59 41
42 41
60 42
24 42
61 24
61 43
44 43
62 44
45 44
63 45
46 45
64 46
65 46
47 46
48 47
49 48
66 49
50 49
67 50
51 50
68 51
52 51
69 52
53 52
70 53
54 53
71 55
56 55
72 56
57 56
73 57
58 57
74 58
59 58
75 59
60 59
76 60
61 60
76 61
77 61
62 61
78 62
63 62
79 63
64 63
80 64
65 64
81 65
47 65
82 47
83 48
66 48
67 66
84 67
68 67
85 68
69 68
85 69
70 69
86 70
54 70
87 54
88 71
72 71
89 72
73 72
90 73
74 73
91 74
75 74
92 75
76 75
93 76
94 76
77 76
95 77
78 77
95 78
79 78
96 79
80 79
97 80
81 80
98 81
82 81
99 82
83 82
99 83
66 83
100 66
84 66
85 84
101 85
102 85
86 85
103 86
87 86
104 87
105 88
89 88
106 89
90 89
107 90
91 90
107 91
92 91
93 92
108 93
94 93
109 94
95 94
110 95
111 95
96 95
111 96
97 96
111 97
98 97
112 98
99 98
113 99
114 99
100 99
115 100
84 100
116 84
101 84
117 101
102 101
103 102
118 103
104 103
119 104
120 105
106 105
120 106
107 106
121 107
122 107
92 107
123 92
108 92
124 108
109 108
125 109
110 109
126 110
111 110
127 111
128 111
129 111
112 111
130 112
113 112
131 113
114 113
132 114
115 114
133 115
116 115
134 116
117 116
135 117
102 117
136 102
118 102
136 118
119 118
137 119
138 120
139 120
121 120
122 121
140 122
123 122
141 123
124 123
125 124
142 125
126 125
143 126
127 126
144 127
128 127
145 128
129 128
146 129
130 129
147 130
131 130
148 131
132 131
149 132
133 132
150 133
134 133
151 134
135 134
152 135
136 135
153 136
154 136
137 136
155 137
156 138
139 138
157 139
121 139
158 121
140 121
159 140
141 140
160 141
124 141
160 124
142 124
143 142
161 143
144 143
145 144
162 145
146 145
147 146
163 147
148 147
164 148
149 148
165 149
150 149
166 150
151 150
167 151
152 151
168 152
153 152
169 153
154 153
169 154
155 154
170 155
171 156
157 156
172 157
158 157
172 158
159 158
173 159
160 159
174 160
142 160
175 142
161 142
144 161
176 144
162 144
177 162
146 162
178 146
163 146
164 163
179 164
165 164
180 165
166 165
181 166
167 166
182 167
168 167
183 168
169 168
184 169
185 169
170 169
186 170
187 171
172 171
188 172
189 172
173 172
190 173
174 173
191 174
192 174
175 174
193 175
161 175
194 161
176 161
195 176
177 176
195 177
178 177
196 178
163 178
197 163
179 163
198 179
180 179
199 180
181 180
200 181
182 181
201 182
183 182
202 183
184 183
203 184
185 184
204 185
186 185
205 186
206 187
188 187
207 188
189 188
207 189
190 189
208 190
191 190
209 191
192 191
210 192
193 192
211 193
194 193
212 194
195 194
213 195
214 195
196 195
215 196
197 196
198 197
216 198
199 198
217 199
200 199
217 200
201 200
218 201
202 201
219 202
203 202
220 203
204 203
221 204
205 204
222 205
223 206
207 206
224 207
208 207
225 208
209 208
226 209
210 209
211 210
212 211
227 212
213 212
228 213
214 213
229 214
215 214
197 215
230 197
216 197
231 216
217 216
232 217
218 217
217 218
219 218
233 219
220 219
234 220
221 220
235 221
222 221
236 222
237 223
224 223
238 224
239 224
225 224
240 225
226 225
211 226
241 211
227 211
228 227
229 228
228 229
215 229
228 215
230 215
242 230
231 230
243 231
232 231
244 232
217 232
245 217
246 217
233 217
247 233
234 233
248 234
235 234
249 235
236 235
250 236
251 237
238 237
251 238
239 238
252 239
240 239
253 240
226 240
241 226
254 241
255 241
227 241
256 227
256 228
257 228
242 228
258 242
243 242
259 243
244 243
245 244
246 245
260 246
247 246
261 247
248 247
261 248
249 248
262 249
250 249
263 250
264 251
252 251
265 252
253 252
265 253
226 253
266 226
254 226
267 254
255 254
268 255
256 255
269 256
270 256
228 256
271 228
272 257
258 257
273 258
259 258
274 259
245 259
275 245
276 245
260 245
277 260
261 260
277 261
278 261
262 261
279 262
263 262
280 263
281 264
251 264
282 251
265 251
283 265
266 265
284 266
267 266
285 267
268 267
286 268
269 268
287 269
270 269
288 270
271 270
289 271
272 271
290 272
273 272
291 273
274 273
292 274
275 274
293 275
276 275
294 276
277 276
295 277
296 277
278 277
297 278
279 278
298 279
280 279
299 280
300 281
282 281
301 282
265 282
302 265
284 283
303 284
285 284
304 285
286 285
305 286
287 286
306 287
288 287
307 288
289 288
308 289
290 289
309 290
291 290
310 291
292 291
293 292
311 293
294 293
312 294
295 294
296 295
313 296
297 296
298 297
314 298
299 298
315 299
316 300
301 300
316 301
302 301
317 302
283 302
317 283
303 283
318 303
304 303
318 304
305 304
319 305
306 305
320 306
307 306
308 307
309 308
321 309
310 309
322 310
292 310
323 292
311 292
324 311
312 311
325 312
295 312
313 295
326 313
297 313
327 297
314 297
315 314
328 315
317 316
318 317
319 318
320 319
308 320
321 308
322 321
323 322
324 323
325 324
295 325
326 295
327 326
314 327
328 314
1 7 2 9 5 0 9 2 6 5 0 5 1 0 2 1 2 0 4 5 4 2 6 5 0 2 7 6 1 2 4 8 0 7 2 9 0 8 0 8 5 3 6 7 9 1 2 7 5 4 2 8 7 4 8 2 4 9 0 6 5 9 3 6 7 6 6 4 9 2 3 4 7 3 5 2 7 8 9 2 9 8 3 1 9 7 5 0 3 6 7 4 3 4 2 3 8 6 1 4 1 3 1 4 5 1 2 5 9 7 2 9 3 7 5 2 5 2 9 0 9 1 3 4 6 9 1 6 7 3 5 0 7 6 8 5 0 1 4 5 9 7 7 9 3 8 1 0 4 8 3 5 2 8 1 4 7 8 9 5 0 5 7 9 1 3 5 0 5 9 3 5 2 8 1 0 8 2 6 8 5 0 5 4 5 8 1 2 5 8 2 3 5 4 7 3 1 2 4 7 6 9 6 1 5 0 7 4 9 7 6 3 1 2 8 4 9 4 3 0 9 6 9 0 3 4 8 8 0 1 8 1 5 8 0 8 1 4 6 1 5 5 6 0 9 1 7 4 7 9 0 8 2 7 3 0 7 5 3 9 4 3 1 5 1 9 4 8 6 8 6 9 0 5 6 4 6 5 0 4 3 2 1 4 7 1 4 3 1 8 1 6 4 2 1 6 1 7 3 0 4 3 0 8 3 1 8 3 9 6 2 9 2 0 4 1 9 2 0 4 3 7 5 9 8 7 5 2 9