320 668
17 0
1 0
18 1
19 1
2 1
19 2
20 2
3 2
21 3
4 3
22 4
5 4
6 5
23 6
7 6
24 7
8 7
25 8
9 8
26 9
10 9
27 10
11 10
12 11
28 12
13 12
28 13
29 13
14 13
15 14
30 15
16 15
31 16
18 17
19 18
32 19
33 19
20 19
34 20
21 20
35 21
22 21
35 22
5 22
36 5
23 5
37 23
24 23
38 24
25 24
39 25
26 25
40 26
27 26
41 27
11 27
42 11
28 11
42 28
43 28
29 28
44 29
14 29
44 14
30 14
31 30
45 31
46 18
47 18
32 18
47 32
33 32
48 33
34 33
49 34
35 34
50 35
51 35
36 35
52 36
37 36
53 37
38 37
54 38
39 38
40 39
55 40
41 40
56 41
42 41
57 42
58 42
43 42
44 43
59 44
60 44
30 44
45 30
30 45
61 46
47 46
62 47
48 47
49 48
63 49
50 49
64 50
51 50
65 51
52 51
66 52
53 52
54 53
67 54
39 54
68 39
55 39
69 55
56 55
70 56
57 56
58 57
57 58
43 58
71 43
59 43
71 59
60 59
72 60
30 60
73 30
74 61
62 61
75 62
48 62
76 48
77 48
63 48
78 63
64 63
79 64
65 64
80 65
66 65
81 66
53 66
82 53
67 53
83 67
68 67
84 68
69 68
85 69
70 69
86 70
57 70
87 57
88 57
71 57
89 71
90 71
72 71
91 72
73 72
92 73
30 73
92 30
93 74
75 74
76 75
77 76
94 77
78 77
95 78
79 78
96 79
80 79
97 80
81 80
82 81
98 82
83 82
99 83
84 83
99 84
85 84
100 85
86 85
101 86
87 86
102 87
88 87
103 88
89 88
104 89
90 89
105 90
91 90
106 91
92 91
107 92
108 92
109 93
76 93
109 76
110 76
94 76
111 94
95 94
112 95
96 95
113 96
97 96
114 97
81 97
115 81
98 81
116 98
99 98
117 99
118 99
100 99
119 100
101 100
120 101
102 101
121 102
103 102
104 103
103 104
105 104
122 105
106 105
123 106
107 106
108 107
124 109
125 109
110 109
125 110
111 110
126 111
112 111
126 112
113 112
127 113
114 113
128 114
115 114
129 115
116 115
130 116
117 116
131 117
118 117
132 118
119 118
133 119
120 119
134 120
121 120
135 121
103 121
136 103
137 103
122 103
138 122
123 122
139 123
107 123
140 107
141 108
142 124
125 124
143 125
144 125
126 125
145 126
127 126
146 127
128 127
147 128
129 128
147 129
130 129
148 130
131 130
149 131
132 131
150 132
133 132
151 133
134 133
152 134
135 134
152 135
136 135
153 136
137 136
154 137
138 137
155 138
139 138
156 139
140 139
157 140
141 140
158 141
159 142
143 142
160 143
144 143
161 144
126 144
146 145
162 146
147 146
163 147
164 147
148 147
165 148
149 148
165 149
150 149
166 150
151 150
167 151
152 151
167 152
153 152
168 153
154 153
169 154
155 154
170 155
156 155
171 156
157 156
172 157
158 157
173 159
160 159
174 160
161 160
175 161
126 161
176 126
177 145
162 145
178 162
163 162
179 163
164 163
180 164
165 164
181 165
182 165
166 165
183 166
167 166
184 167
185 167
168 167
186 168
169 168
187 169
170 169
171 170
188 171
172 171
189 172
158 172
190 158
174 173
191 174
175 174
192 175
176 175
193 176
177 176
194 177
178 177
195 178
179 178
196 179
180 179
197 180
181 180
197 181
182 181
198 182
183 182
199 183
184 183
200 184
201 184
185 184
201 185
186 185
202 186
187 186
202 187
170 187
203 170
188 170
204 188
189 188
205 189
190 189
206 190
207 173
191 173
208 191
192 191
209 192
193 192
210 193
194 193
211 194
195 194
212 195
196 195
213 196
197 196
214 197
198 197
215 198
199 198
216 199
200 199
217 200
201 200
218 201
219 201
202 201
220 202
221 202
203 202
222 203
204 203
223 204
205 204
223 205
206 205
224 206
225 207
208 207
225 208
209 208
226 209
210 209
227 210
211 210
228 211
212 211
229 212
213 212
197 213
213 197
230 214
215 214
231 215
216 215
217 216
232 217
218 217
233 218
219 218
234 219
220 219
234 220
221 220
235 221
222 221
236 222
223 222
237 223
224 223
237 224
238 225
239 225
226 225
240 226
227 226
240 227
228 227
241 228
229 228
242 229
213 229
243 213
230 213
244 230
231 230
245 231
216 231
246 216
232 216
247 232
233 232
248 233
234 233
249 234
250 234
235 234
250 235
236 235
251 236
237 236
251 237
252 237
253 238
239 238
254 239
240 239
255 240
256 240
241 240
257 241
242 241
258 242
243 242
259 243
260 243
244 243
260 244
245 244
261 245
246 245
262 246
247 246
263 247
248 247
263 248
249 248
264 249
250 249
264 250
265 250
251 250
266 251
267 251
252 251
268 252
237 252
269 237
270 253
254 253
271 254
255 254
272 255
256 255
273 256
257 256
274 257
258 257
275 258
259 258
276 259
260 259
277 260
278 260
261 260
262 261
279 262
263 262
280 263
281 263
264 263
282 264
283 264
265 264
284 265
266 265
285 266
267 266
286 267
268 267
287 268
269 268
288 269
289 270
271 270
290 271
272 271
291 272
273 272
292 273
274 273
293 274
275 274
293 275
276 275
294 276
277 276
278 277
295 278
261 278
295 261
279 261
280 279
296 280
281 280
297 281
282 281
298 282
283 282
299 283
284 283
300 284
285 284
301 285
286 285
302 286
287 286
303 287
288 287
304 288
305 289
290 289
305 290
291 290
306 291
292 291
307 292
293 292
294 293
308 294
277 294
309 277
295 277
310 295
311 295
279 295
312 279
296 279
313 296
297 296
314 297
298 297
315 298
299 298
316 299
300 299
317 300
301 300
318 301
302 301
319 302
303 302
319 303
304 303
319 304
306 305
307 306
293 307
308 293
309 308
310 309
311 310
312 311
313 312
314 313
315 314
316 315
317 316
318 317
319 318
0 8 5 3 0 8 0 3 1 2 1 9 7 3 6 2 8 7 3 2 0 8 9 2 1 0 4 8 8 4 0 7 6 9 6 4 2 8 5 9 5 1 5 4 1 1 5 0 7 0 1 8 3 6 8 4 5 1 9 7 9 3 5 6 5 2 7 0 4 1 4 8 0 2 9 4 9 4 7 4 3 9 0 7 2 4 6 0 4 2 1 4 6 0 5 6 1 2 6 0 1 5 9 6 9 5 2 4 5 1 5 2 0 2 6 7 5 9 1 4 3 4 0 5 7 4 5 3 1 4 3 5 2 6 7 2 3 5 1 4 9 7 9 5 2 9 7 5 4 0 6 8 0 8 0 4 7 6 9 5 8 4 4 2 3 8 4 5 4 1 5 3 1 9 6 2 4 3 6 0 1 7 2 3 2 7 8 0 9 7 2 0 8 0 1 9 4 0 4 9 1 4 9 8 1 6 3 0 2 1 6 7 2 7 8 6 7 0 8 9 5 0 9 3 2 8 9 5 1 3 4 5 9 1 2 5 4 6 5 4 7 0 7 0 8 4 6 0 7 0 8 3 7 9 0 5 0 5 1 3 4 5 7 2 6 3 8 2 1 5 0 9 8 6 4 0 5 3 8 3 9 4 2 1 2 7 8 4 6 1 5 2 7 1 9 0 4 0 5 0 8 9 1 8 1 2 4 8 8 6 5 3 9 0 3 7 1 4 3 9