339 693
19 0
1 0
20 1
2 1
21 2
3 2
22 3
4 3
23 4
5 4
24 5
6 5
25 6
7 6
26 7
27 7
8 7
28 8
9 8
29 9
10 9
30 10
11 10
31 11
12 11
32 12
13 12
33 13
14 13
34 14
15 14
35 15
16 15
17 16
36 17
18 17
37 18
38 19
20 19
39 20
21 20
22 21
40 22
23 22
41 23
24 23
42 24
25 24
43 25
26 25
44 26
27 26
45 27
28 27
46 28
29 28
47 29
30 29
48 30
31 30
49 31
32 31
50 32
33 32
51 33
34 33
52 34
35 34
53 35
16 35
54 16
36 16
55 36
37 36
56 37
57 38
39 38
58 39
21 39
59 21
40 21
60 40
41 40
61 41
42 41
43 42
42 43
44 43
62 44
45 44
63 45
46 45
64 46
47 46
65 47
48 47
66 48
49 48
67 49
50 49
68 50
51 50
69 51
52 51
69 52
53 52
70 53
54 53
71 54
55 54
72 55
56 55
72 56
58 57
57 58
59 58
73 59
60 59
74 60
61 60
75 61
42 61
76 42
77 42
62 42
78 62
63 62
79 63
64 63
80 64
65 64
81 65
66 65
82 66
67 66
83 67
68 67
69 68
84 69
85 69
70 69
71 70
86 71
72 71
87 72
88 72
89 57
90 57
73 57
91 73
74 73
92 74
75 74
93 75
76 75
94 76
77 76
78 77
95 78
79 78
96 79
80 79
97 80
81 80
98 81
82 81
99 82
83 82
100 83
68 83
84 68
101 84
85 84
102 85
70 85
103 70
86 70
104 86
87 86
105 87
88 87
106 88
107 89
90 89
108 90
91 90
109 91
92 91
109 92
93 92
110 93
94 93
111 94
77 94
95 77
112 95
96 95
113 96
97 96
98 97
114 98
99 98
115 99
100 99
116 100
68 100
117 68
101 68
102 101
103 102
104 103
118 104
105 104
119 105
106 105
120 106
121 107
108 107
122 108
109 108
123 109
124 109
110 109
125 110
111 110
77 111
111 77
112 77
126 112
113 112
127 113
97 113
128 97
114 97
129 114
115 114
129 115
116 115
130 116
117 116
101 117
131 101
132 102
133 103
118 103
134 118
119 118
135 119
120 119
136 120
137 121
122 121
138 122
123 122
139 123
124 123
140 124
125 124
141 125
111 125
142 111
126 111
143 126
127 126
144 127
128 127
145 128
129 128
146 129
147 129
130 129
148 130
117 130
149 117
131 117
150 131
132 131
151 132
133 132
152 133
134 133
153 134
135 134
154 135
136 135
155 136
156 137
138 137
157 138
139 138
158 139
140 139
159 140
141 140
160 141
142 141
161 142
162 142
143 142
163 143
144 143
164 144
145 144
165 145
146 145
166 146
147 146
166 147
148 147
149 148
167 149
150 149
168 150
151 150
169 151
152 151
170 152
153 152
171 153
154 153
172 154
155 154
172 155
173 156
157 156
174 157
158 157
159 158
175 159
160 159
176 160
161 160
177 161
162 161
178 162
163 162
179 163
164 163
180 164
165 164
181 165
166 165
182 166
148 166
183 148
167 148
184 167
168 167
185 168
169 168
185 169
170 169
186 170
171 170
187 171
172 171
188 172
189 172
190 173
174 173
191 174
158 174
192 158
175 158
193 175
176 175
193 176
177 176
194 177
178 177
195 178
179 178
196 179
180 179
181 180
197 181
182 181
198 182
199 182
183 182
200 183
184 183
185 184
201 185
202 185
186 185
203 186
187 186
204 187
188 187
205 188
189 188
206 189
207 190
191 190
207 191
192 191
208 192
193 192
209 193
210 193
194 193
211 194
195 194
212 195
196 195
213 196
180 196
214 180
197 180
215 197
198 197
199 198
216 199
200 199
217 200
184 200
218 184
201 184
219 201
202 201
220 202
203 202
221 203
204 203
221 204
205 204
222 205
206 205
223 206
224 207
225 207
208 207
226 208
209 208
227 209
210 209
227 210
211 210
228 211
212 211
229 212
213 212
229 213
214 213
230 214
215 214
231 215
198 215
232 198
216 198
217 216
216 217
218 217
233 218
219 218
220 219
234 220
221 220
235 221
222 221
236 222
223 222
237 223
225 224
238 225
226 225
239 226
227 226
240 227
241 227
228 227
242 228
229 228
243 229
244 229
230 229
245 230
231 230
246 231
232 231
247 232
216 232
248 216
233 216
249 233
219 233
250 219
234 219
251 234
235 234
252 235
236 235
253 236
237 236
254 224
238 224
255 238
239 238
256 239
240 239
257 240
241 240
257 241
242 241
258 242
243 242
259 243
244 243
260 244
245 244
261 245
246 245
262 246
247 246
263 247
248 247
264 248
216 248
265 216
249 216
266 249
250 249
267 250
251 250
268 251
252 251
269 252
270 252
253 252
271 253
237 253
272 254
255 254
273 255
256 255
273 256
257 256
274 257
275 257
258 257
276 258
259 258
277 259
260 259
278 260
261 260
279 261
262 261
263 262
280 263
264 263
281 264
265 264
282 265
266 265
267 266
283 267
268 267
284 268
269 268
285 269
270 269
286 270
271 270
287 271
237 271
288 237
289 272
273 272
290 273
291 273
274 273
292 274
275 274
293 275
276 275
294 276
277 276
295 277
278 277
296 278
279 278
296 279
262 279
297 262
280 262
281 280
280 281
282 281
266 282
298 266
283 266
284 283
299 284
285 284
300 285
286 285
301 286
287 286
302 287
288 287
303 288
304 289
290 289
305 290
291 290
306 291
292 291
307 292
293 292
308 293
294 293
309 294
295 294
310 295
296 295
311 296
312 296
297 296
312 297
280 297
313 280
314 280
282 280
314 282
298 282
315 298
283 298
316 283
299 283
317 299
300 299
301 300
318 301
302 301
319 302
303 302
320 303
321 304
305 304
322 305
306 305
323 306
307 306
324 307
308 307
324 308
309 308
325 309
310 309
326 310
311 310
327 311
312 311
328 312
329 312
313 312
330 313
314 313
331 314
332 314
315 314
333 315
316 315
334 316
317 316
335 317
300 317
335 300
318 300
336 318
319 318
337 319
320 319
338 320
322 321
323 322
324 323
325 324
326 325
327 326
328 327
329 328
330 329
331 330
332 331
333 332
334 333
335 334
336 335
337 336
338 337
1 6 2 9 6 3 6 3 1 2 3 5 7 3 2 5 4 1 2 0 2 9 0 1 4 3 8 0 7 4 0 6 1 2 7 8 7 3 9 5 2 0 3 9 0 4 3 0 1 3 7 4 2 7 8 4 9 3 6 2 4 9 5 6 8 4 7 0 2 6 9 6 5 7 2 1 6 1 7 3 7 3 1 4 8 3 1 9 6 5 1 9 3 7 2 6 4 1 4 3 7 4 7 6 3 4 5 8 3 1 8 5 5 6 0 6 8 0 7 3 9 7 2 4 0 2 8 2 9 8 6 9 3 2 9 2 8 4 1 2 3 1 0 9 7 4 5 2 9 7 8 2 0 2 4 6 0 4 9 1 9 4 3 2 6 1 6 5 3 5 2 6 2 7 3 6 5 6 4 5 4 7 1 3 0 2 8 7 6 1 1 2 5 2 5 8 3 0 5 4 7 8 7 1 8 3 8 5 4 6 8 3 4 1 0 1 7 0 3 7 4 0 4 3 8 1 2 5 8 0 7 2 8 2 0 3 2 8 3 6 9 3 6 3 6 3 6 9 2 6 8 5 7 4 2 5 8 2 9 4 7 4 7 8 5 9 7 6 9 2 4 3 3 0 3 1 8 3 0 8 4 2 3 2 5 8 0 7 2 9 7 8 2 3 0 9 4 0 6 1 2 5 0 1 2 3 7 9 2 3 7 8 6 1 2 9 0 4 8 1 7 8 2 8 3 8 3 2 3 1 7 4 9 5 9 8 0 2 0