241 545
13 0
14 0
1 0
0 1
15 1
2 1
16 2
3 2
17 3
4 3
18 4
5 4
19 5
6 5
20 6
7 6
21 7
8 7
22 8
9 8
23 9
10 9
11 10
12 11
24 12
25 13
14 13
26 14
0 14
27 0
28 0
15 0
29 15
16 15
30 16
2 16
31 2
17 2
32 17
18 17
19 18
18 19
5 19
33 5
20 5
34 20
21 20
35 21
22 21
23 22
36 23
11 23
37 11
38 11
39 11
24 11
40 24
12 24
41 25
26 25
42 26
27 26
43 27
28 27
44 28
29 28
45 29
30 29
46 30
31 30
32 31
18 32
47 18
33 18
34 33
33 34
35 34
22 35
35 22
36 22
48 36
37 36
48 37
38 37
49 38
39 38
50 39
40 39
50 40
12 40
51 12
52 41
42 41
53 42
43 42
54 43
44 43
55 44
45 44
55 45
46 45
56 46
31 46
33 47
47 33
57 33
35 33
58 35
48 35
59 48
49 48
59 49
50 49
60 50
61 50
51 50
61 51
53 52
62 53
54 53
63 54
55 54
64 55
56 55
65 56
31 56
66 31
67 32
68 47
69 47
57 47
70 57
35 57
71 35
72 58
59 58
72 59
73 59
60 59
74 60
61 60
75 61
76 52
62 52
77 62
63 62
77 63
55 63
78 55
79 64
65 64
80 65
66 65
80 66
67 66
80 67
18 67
81 18
68 18
82 68
69 68
83 69
70 69
84 70
71 70
72 71
85 72
86 72
73 72
87 73
59 73
87 59
74 59
87 74
61 74
61 75
88 76
77 76
88 77
89 77
78 77
90 78
79 78
80 79
91 80
92 80
81 80
92 81
82 81
83 82
93 83
84 83
94 84
71 84
85 71
95 85
86 85
96 86
87 86
97 87
61 87
87 61
98 88
89 88
99 89
90 89
100 90
79 90
100 79
91 79
92 91
82 92
92 82
93 82
101 93
94 93
102 94
71 94
103 71
95 71
104 95
96 95
105 96
87 96
106 87
87 97
107 87
108 98
99 98
100 99
99 100
109 100
91 100
110 91
111 92
112 92
113 92
101 92
114 101
102 101
103 102
102 103
104 103
115 104
105 104
106 105
97 106
87 107
116 108
98 108
117 98
118 99
119 99
109 99
119 109
110 109
119 110
111 110
120 111
112 111
121 112
113 112
122 113
114 113
123 114
102 114
124 102
115 102
124 115
105 115
125 105
97 105
126 97
127 97
128 97
128 87
129 87
130 116
117 116
131 117
118 117
132 118
119 118
133 119
134 119
111 119
135 111
121 120
122 121
136 122
123 122
137 123
124 123
137 124
138 124
125 124
139 125
126 125
140 126
127 126
140 127
128 127
141 128
129 128
142 129
143 130
131 130
143 131
132 131
133 132
144 133
119 133
144 119
145 134
135 134
146 135
120 135
147 120
148 121
136 121
149 136
137 136
150 137
124 137
151 124
151 138
139 138
151 139
140 139
151 140
141 140
152 141
128 141
153 128
142 128
154 142
132 143
155 132
144 132
156 144
145 144
146 145
157 146
147 146
158 147
148 147
159 148
149 148
160 149
150 149
161 150
151 150
162 151
163 151
164 151
165 151
152 151
166 152
153 152
166 153
154 153
166 154
167 143
155 143
156 155
145 156
168 145
157 145
169 157
158 157
170 158
159 158
171 159
160 159
172 160
150 160
173 150
174 161
162 161
175 162
163 162
176 163
164 163
177 164
165 164
178 165
166 165
179 166
180 166
143 167
156 167
181 156
182 156
168 156
183 168
169 168
184 169
170 169
185 170
171 170
186 171
172 171
187 172
173 172
188 173
174 173
175 174
174 175
176 175
189 176
177 176
165 177
165 178
179 178
190 179
180 179
191 180
192 143
181 143
193 181
182 181
183 182
194 183
184 183
194 184
185 184
186 185
195 186
187 186
196 187
188 187
197 188
174 188
198 174
189 174
198 189
165 189
199 165
200 165
190 165
201 190
179 190
202 179
191 179
202 191
203 143
203 192
193 192
182 193
193 182
194 182
204 194
185 194
205 185
195 185
196 195
195 196
197 196
198 197
206 198
207 198
208 198
199 198
208 199
200 199
209 200
210 200
201 200
211 201
202 201
212 202
213 202
193 203
214 193
214 182
204 182
214 204
194 204
215 194
205 194
216 205
195 205
217 195
218 195
197 195
218 197
206 197
219 206
207 206
220 207
208 207
221 208
222 208
209 208
223 209
210 209
224 210
211 210
224 211
212 211
213 212
225 203
226 193
227 214
228 214
215 214
229 215
216 215
230 216
217 216
231 217
218 217
232 218
233 218
219 218
234 219
220 219
234 220
221 220
235 221
222 221
236 222
223 222
237 223
224 223
238 224
212 224
239 212
240 213
226 225
193 226
227 193
228 227
229 228
230 229
231 230
232 231
233 232
234 233
235 234
236 235
237 236
224 237
239 238
240 239
3 0 4 2 0 3 4 2 4 3 2 3 4 2 0 4 3 1 3 4 0 3 1 0 0 0 3 0 4 3 0 1 0 4 2 0 3 2 1 0 3 4 1 4 3 2 4 0 4 3 4 3 3 0 2 1 3 2 2 0 1 0 2 0 3 2 0 1 4 1 3 4 3 2 3 3 1 3 0 4 3 0 1 3 1 1 0 1 0 2 1 1 4 0 3 0 3 4 1 4 0 3 2 1 2 1 0 4 4 3 0 3 0 3 1 4 1 2 3 1 1 2 4 0 3 0 1 2 0 2 0 3 0 4 2 4 0 1 0 3 0 2 4 2 2 1 3 2 1 3 4 2 0 1 2 4 3 0 1 2 0 3 0 1 4 0 4 0 0 1 3 0 1 2 0 4 0 2 3 0 3 4 0 1 3 2 1 4 3 3 2 4 0 1 4 3 1 0 1 2 3 4 2 4 1 1 4 2 4 2 4 3 0 1 4 2 4 2 4 3 1 2 0 4 1 1 2 0 1 0 2 4 2 1 0 3 4 0 4 1 0