228 524
14 0
1 0
2 1
15 2
3 2
16 3
4 3
5 4
17 5
6 5
18 6
7 6
19 7
20 7
8 7
20 8
9 8
21 9
10 9
11 10
10 11
22 11
12 11
23 12
13 12
24 13
25 13
26 14
1 14
16 15
15 16
4 16
27 4
17 4
28 17
18 17
28 18
19 18
29 19
20 19
30 20
21 20
31 21
10 21
32 10
33 11
23 22
34 23
24 23
35 24
25 24
36 25
37 26
1 26
15 1
38 15
39 15
27 15
39 27
28 27
29 28
40 29
30 29
41 30
42 30
31 30
42 31
32 31
43 32
44 32
33 32
35 33
22 33
35 22
34 22
35 34
36 35
45 36
1 37
38 1
1 38
15 38
46 39
28 39
47 28
40 28
41 40
42 41
48 42
43 42
44 43
35 44
49 35
50 35
45 35
51 45
52 1
52 15
46 15
53 46
47 46
46 47
28 47
54 28
55 40
56 40
57 41
48 41
58 48
44 48
59 44
60 35
50 49
49 50
35 50
61 35
51 35
62 51
63 37
64 1
65 52
66 52
53 52
67 53
46 53
68 46
54 46
69 54
55 54
70 55
56 55
70 56
57 56
71 57
58 57
72 58
48 58
73 48
59 48
74 59
75 59
60 59
76 60
49 60
77 49
61 49
78 61
62 61
79 62
80 63
64 63
81 64
65 64
82 65
66 65
83 66
67 66
83 67
68 67
84 68
46 68
85 46
69 46
86 69
70 69
87 70
88 70
71 70
89 71
72 71
89 72
73 72
90 73
74 73
91 74
75 74
76 75
92 76
77 76
92 77
93 77
78 77
79 78
94 80
81 80
82 81
95 82
83 82
96 83
97 83
84 83
98 84
85 84
99 85
86 85
87 86
86 87
88 87
100 88
89 88
101 89
90 89
102 90
91 90
102 91
75 91
102 75
92 75
103 92
104 92
93 92
105 93
79 93
106 79
107 94
81 94
107 81
95 81
108 95
96 95
97 96
98 97
99 98
98 99
86 99
109 86
100 86
110 100
101 100
111 101
112 101
102 101
112 102
113 102
103 102
104 103
103 104
105 104
114 105
79 105
114 79
114 106
115 107
108 107
116 108
97 108
117 97
118 98
119 98
86 98
86 109
110 109
120 110
111 110
112 111
111 112
113 112
121 113
102 113
122 102
123 103
114 103
124 114
125 114
107 115
116 115
126 116
117 116
127 117
97 117
127 97
118 97
128 118
119 118
129 119
86 119
129 86
120 86
121 120
111 120
121 111
122 121
130 122
103 122
131 103
132 123
114 123
133 114
134 124
125 124
134 125
135 107
136 107
126 107
137 126
127 126
138 127
139 127
128 127
129 128
140 129
86 129
140 86
121 86
140 121
141 121
130 121
121 130
131 130
142 131
132 131
133 132
143 133
134 133
144 134
145 135
136 135
146 136
137 136
147 137
138 137
147 138
139 138
148 139
129 139
149 129
150 140
151 140
141 140
152 141
121 141
153 121
142 121
154 142
132 142
155 132
143 132
156 143
134 143
157 134
158 144
159 145
146 145
147 146
160 147
161 147
148 147
149 148
148 149
140 149
162 140
163 140
164 150
151 150
165 151
152 151
166 152
141 152
167 141
168 141
169 121
169 153
154 153
170 154
155 154
171 155
156 155
171 156
157 156
172 157
158 157
172 158
173 159
146 159
160 146
161 160
148 161
174 148
162 148
175 162
163 162
176 163
164 163
177 164
165 164
166 165
178 166
167 166
179 167
168 167
169 168
168 169
170 169
169 170
171 170
180 171
172 171
181 172
182 172
160 173
183 160
184 160
185 161
174 161
186 174
187 174
175 174
188 175
176 175
189 176
177 176
189 177
165 177
189 165
178 165
190 178
179 178
191 179
168 179
192 168
193 168
194 169
180 169
169 180
171 180
195 171
181 171
182 181
184 173
183 173
184 183
185 184
196 185
186 185
197 186
187 186
198 187
188 187
189 188
199 189
200 189
190 189
200 190
191 190
192 191
201 192
193 192
201 193
194 193
201 194
169 194
202 169
195 169
203 195
182 195
204 182
205 184
206 184
196 184
207 196
197 196
198 197
197 198
188 198
208 188
199 188
209 199
200 199
210 200
211 200
212 200
191 200
201 191
213 201
202 201
214 202
215 202
203 202
215 203
204 203
216 204
182 204
217 184
218 205
206 205
219 206
207 206
197 207
208 197
220 208
209 208
220 209
210 209
221 210
211 210
221 211
212 211
222 212
191 212
223 191
223 201
224 213
201 213
225 201
214 201
226 214
215 214
226 215
227 215
216 215
182 216
216 182
218 217
219 218
207 219
220 197
221 220
222 221
223 222
224 223
225 224
226 225
227 226
216 227
1 4 2 1 0 1 0 4 0 1 2 4 1 0 3 1 2 3 4 3 1 3 1 3 2 4 0 4 2 1 4 2 4 3 2 4 3 3 0 3 3 0 3 0 3 0 4 0 2 2 1 3 0 1 3 2 0 4 0 4 1 0 4 1 2 4 2 4 3 0 4 1 4 0 1 2 4 1 3 1 2 1 2 3 2 0 2 1 3 0 2 4 3 4 0 3 1 2 4 3 0 2 1 2 1 3 4 2 0 3 4 0 4 2 0 0 4 1 1 3 1 4 0 4 3 2 0 4 2 4 1 4 0 4 1 1 0 2 0 1 3 2 1 2 2 4 2 4 3 1 2 1 4 0 2 1 4 2 0 1 3 1 0 2 0 4 2 4 1 2 0 2 4 2 2 4 1 3 1 2 4 1 0 4 0 2 4 0 1 0 2 4 2 4 0 1 4 2 4 3 1 1 3 4 3 4 2 3 3 2 3 4 3 0 4 1 2 2 3 4 1 0 4 3 2 4 2 0