266 580
16 0
17 0
1 0
18 1
2 1
19 2
3 2
20 3
4 3
21 4
5 4
6 5
7 6
22 7
8 7
23 8
9 8
23 9
10 9
24 10
11 10
10 11
12 11
10 12
13 12
25 13
14 13
25 14
15 14
26 15
27 16
17 16
28 17
18 17
19 18
20 19
19 20
21 20
29 21
6 21
30 6
22 6
30 22
23 22
30 23
31 23
24 23
31 24
10 24
32 10
33 10
25 10
34 25
35 25
15 25
36 15
37 26
28 27
19 28
38 19
39 19
29 19
40 29
30 29
41 30
42 30
31 30
43 31
44 31
10 31
45 10
46 32
33 32
46 33
25 33
47 25
48 34
35 34
49 35
36 35
50 36
37 36
50 37
51 27
52 28
39 38
38 39
40 39
53 40
41 40
54 41
30 41
55 30
56 42
43 42
57 43
44 43
58 44
45 44
59 45
46 45
60 46
47 46
61 47
48 47
49 48
48 49
50 49
62 50
63 51
52 51
64 52
19 52
65 19
66 38
67 38
53 38
68 53
54 53
69 54
55 54
70 55
56 55
71 56
57 56
58 57
59 58
46 59
59 46
72 60
61 60
73 61
48 61
74 48
75 48
50 48
75 50
76 62
77 63
64 63
78 64
65 64
79 65
66 65
80 66
67 66
68 67
81 68
69 68
82 69
54 69
83 54
70 54
84 70
71 70
85 71
57 71
86 57
59 57
87 59
88 59
89 59
72 59
73 72
74 73
90 74
75 74
91 75
92 75
76 75
93 76
78 77
94 78
79 78
95 79
80 79
96 80
67 80
81 67
67 81
82 81
97 82
83 82
98 83
84 83
99 84
85 84
100 85
86 85
87 86
101 87
88 87
101 88
89 88
102 89
72 89
102 72
103 73
90 73
104 90
91 90
105 91
92 91
106 92
93 92
106 93
107 77
94 77
108 94
95 94
96 95
67 96
109 67
97 67
109 97
98 97
110 98
99 98
111 99
100 99
112 100
86 100
113 86
101 86
114 101
102 101
103 102
104 103
105 104
104 105
106 105
115 106
116 106
117 107
108 107
118 108
95 108
119 95
120 96
121 67
122 109
123 109
110 109
124 110
111 110
125 111
112 111
125 112
113 112
126 113
114 113
102 114
114 102
127 102
128 102
104 102
129 104
130 104
131 104
115 104
132 115
116 115
133 116
134 117
118 117
134 118
119 118
135 119
120 119
136 120
121 120
137 121
122 121
138 122
123 122
139 123
124 123
125 124
140 125
141 125
126 125
142 126
114 126
143 114
127 114
144 127
128 127
145 128
129 128
146 129
130 129
147 130
131 130
148 131
132 131
149 132
133 132
150 133
151 134
135 134
134 135
136 135
152 136
137 136
153 137
138 137
139 138
124 139
140 124
154 140
141 140
155 141
142 141
155 142
143 142
156 143
144 143
157 144
145 144
158 145
146 145
159 146
147 146
148 147
149 148
150 149
160 151
134 151
161 134
162 134
152 134
163 152
153 152
164 153
138 153
165 138
124 138
166 124
167 124
154 124
167 154
155 154
168 155
169 155
156 155
170 156
157 156
171 157
158 157
172 158
159 158
172 159
148 159
150 148
173 150
174 150
175 160
161 160
176 161
162 161
177 162
163 162
164 163
178 164
165 164
179 165
166 165
179 166
167 166
180 167
181 167
168 167
182 168
169 168
156 169
183 156
183 170
171 170
172 171
184 172
148 172
185 148
173 148
186 173
174 173
176 175
187 176
177 176
188 177
163 177
189 163
178 163
190 178
179 178
191 179
192 179
180 179
193 180
181 180
193 181
182 181
194 182
169 182
195 169
183 169
196 183
197 183
171 183
184 171
198 184
185 184
199 185
186 185
200 186
174 186
201 174
202 175
187 175
203 187
188 187
189 188
190 189
204 190
191 190
205 191
192 191
193 192
206 193
207 193
194 193
207 194
195 194
207 195
196 195
197 196
208 197
171 197
209 171
198 171
210 198
184 198
211 184
199 184
212 199
200 199
213 200
201 200
214 201
215 202
203 202
215 203
188 203
215 188
215 189
204 189
216 204
205 204
217 205
192 205
218 192
206 192
219 206
207 206
196 207
208 196
196 208
209 208
220 209
210 209
211 210
199 211
211 199
221 212
213 212
222 213
214 213
223 214
224 215
225 215
226 215
216 215
227 216
217 216
228 217
218 217
229 218
219 218
230 219
207 219
231 207
232 207
233 196
234 196
220 196
210 220
235 211
236 211
221 211
237 221
222 221
238 222
223 222
239 223
240 224
225 224
226 225
225 226
241 226
227 226
242 227
228 227
242 228
229 228
243 229
230 229
231 230
230 231
207 231
244 232
233 232
244 233
234 233
245 234
210 234
246 210
247 210
235 210
248 235
236 235
249 236
237 236
250 237
238 237
250 238
239 238
251 239
252 240
225 240
253 225
241 225
242 241
241 242
243 242
254 243
230 243
255 230
256 230
207 230
257 207
244 207
258 244
259 244
245 244
260 245
246 245
261 246
247 246
248 247
262 248
249 248
263 249
250 249
264 250
251 250
265 251
253 252
241 253
254 241
255 254
256 255
257 256
258 257
259 258
260 259
261 260
247 261
262 247
263 262
264 263
265 264
2 4 3 1 4 0 2 0 1 0 1 3 4 1 4 1 3 0 2 0 4 3 1 3 0 3 4 2 1 2 4 2 3 0 4 2 4 2 4 3 0 3 2 0 4 2 1 0 2 4 1 0 2 3 4 2 0 4 1 0 2 3 3 3 4 2 0 2 0 2 1 2 1 2 1 3 0 0 3 0 3 1 0 3 0 1 2 1 2 4 0 1 0 3 1 3 4 4 1 4 3 4 0 1 2 3 2 4 0 1 2 0 1 3 2 3 0 0 1 4 0 4 2 0 1 3 4 3 2 1 0 3 0 1 4 3 4 2 4 2 4 0 1 4 0 4 0 2 0 1 3 0 1 3 0 2 0 4 0 3 4 3 1 0 1 0 3 2 4 3 2 3 4 2 0 3 0 4 4 2 4 3 2 1 0 3 1 4 3 2 0 3 4 1 4 1 3 4 2 4 2 1 4 2 4 1 0 2 0 4 0 3 3 0 4 1 2 0 2 3 2 2 4 2 0 4 0 4 2 1 4 3 3 0 4 4 1 4 3 1 1 2 3 2 4 2 3 4 1 4 2 4 0 1 1 0 2 3 2 0 4 1 0 1 3 1