279 607
1 0
0 1
2 1
19 2
3 2
20 3
4 3
20 4
5 4
21 5
6 5
7 6
22 7
8 7
9 8
23 9
10 9
24 10
11 10
25 11
12 11
13 12
12 13
14 13
26 14
15 14
27 15
16 15
28 16
17 16
29 17
18 17
29 18
30 18
31 0
19 0
32 19
20 19
32 20
21 20
33 21
6 21
34 6
22 6
35 22
8 22
23 8
24 23
36 24
25 24
12 25
25 12
26 12
37 26
27 26
38 27
28 27
38 28
29 28
39 29
40 29
30 29
40 30
41 31
32 31
41 32
42 32
20 32
43 20
33 20
34 33
33 34
35 34
44 35
23 35
45 23
46 23
36 23
46 36
25 36
47 25
37 12
38 37
48 38
39 38
49 39
40 39
50 40
51 41
52 41
42 41
53 42
43 42
54 43
33 43
55 33
44 33
56 44
45 44
57 45
46 45
58 46
59 46
47 46
60 47
25 47
61 25
37 25
62 37
63 38
64 48
49 48
65 49
50 49
66 50
67 50
41 51
68 41
69 52
53 52
70 53
54 53
71 54
55 54
72 55
73 55
56 55
74 56
57 56
58 57
75 58
59 58
76 59
60 59
77 60
25 60
78 25
79 61
62 61
80 62
63 62
81 63
64 63
82 64
65 64
83 65
66 65
67 66
84 67
68 51
85 68
69 68
86 69
70 69
87 70
71 70
88 71
72 71
73 72
89 73
74 73
90 74
57 74
91 57
75 57
92 75
76 75
93 76
77 76
93 77
78 77
94 78
79 78
95 79
80 79
96 80
81 80
96 81
82 81
97 82
83 82
98 83
66 83
99 66
84 66
99 84
100 51
85 51
100 85
86 85
100 86
87 86
101 87
88 87
102 88
72 88
103 72
89 72
103 89
90 89
104 90
91 90
105 91
92 91
106 92
93 92
107 93
94 93
95 94
108 95
96 95
109 96
98 96
97 96
98 97
99 98
110 99
111 99
112 100
113 100
101 100
113 101
102 101
103 102
114 103
104 103
115 104
105 104
116 105
106 105
117 106
107 106
118 107
93 107
119 93
108 94
120 108
109 108
121 109
98 109
122 98
123 98
110 98
98 110
111 110
124 111
125 112
126 112
113 112
127 113
128 113
102 113
129 102
114 102
130 114
103 114
131 103
115 103
132 115
116 115
132 116
117 116
132 117
118 117
119 118
118 119
94 119
133 94
120 94
134 120
121 120
135 121
122 121
123 122
98 123
136 98
124 98
137 124
126 125
127 126
138 127
128 127
139 128
129 128
130 129
129 130
131 130
140 131
132 131
141 132
142 132
143 132
118 132
144 118
145 118
133 118
146 133
134 133
146 134
135 134
147 135
123 135
148 123
149 123
136 123
150 136
98 136
151 98
137 98
152 137
153 125
154 126
138 126
154 138
139 138
155 139
129 139
156 129
157 129
140 129
158 140
141 140
159 141
142 141
159 142
143 142
144 143
160 144
145 144
161 145
146 145
162 146
147 146
148 147
147 148
149 148
147 149
150 149
147 150
151 150
163 151
152 151
164 152
165 153
154 153
166 154
155 154
156 155
167 156
157 156
168 157
158 157
169 158
159 158
170 159
143 159
160 143
161 160
146 161
171 146
172 162
147 162
173 147
174 147
175 147
163 147
176 163
164 163
177 164
178 165
166 165
179 166
154 166
180 155
167 155
181 167
168 167
169 168
182 169
159 169
183 159
184 170
160 170
185 160
186 160
187 161
171 161
188 171
172 171
189 172
173 172
190 173
147 173
191 147
191 174
175 174
192 175
176 175
192 176
177 176
193 177
194 178
179 178
194 179
154 179
195 154
180 154
196 180
181 180
197 181
168 181
198 168
182 168
199 182
183 182
199 183
184 183
185 184
186 185
200 186
187 186
201 187
188 187
202 188
189 188
203 189
190 189
204 190
191 190
205 191
206 191
192 191
207 192
208 192
193 192
209 194
195 194
210 195
196 195
211 196
197 196
211 197
198 197
212 198
199 198
213 199
214 199
185 199
215 185
216 185
200 185
217 200
201 200
218 201
202 201
219 202
203 202
204 203
220 204
205 204
221 205
206 205
207 206
222 207
208 207
222 208
193 208
222 193
223 194
224 209
210 209
211 210
210 211
225 211
212 211
226 212
213 212
227 213
214 213
228 214
215 214
216 215
229 216
217 216
230 217
218 217
231 218
219 218
232 219
203 219
233 203
220 203
234 220
221 220
235 221
206 221
222 206
236 222
237 222
238 222
239 223
224 223
210 224
240 210
225 210
241 225
226 225
242 226
227 226
243 227
228 227
244 228
215 228
245 215
229 215
245 229
230 229
246 230
231 230
247 231
232 231
248 232
233 232
249 233
234 233
250 234
235 234
251 235
206 235
252 206
236 206
237 236
253 237
238 237
253 238
254 239
224 239
254 224
240 224
255 240
256 240
241 240
256 241
242 241
243 242
244 243
245 244
257 245
246 245
258 246
247 246
259 247
248 247
259 248
249 248
259 249
250 249
251 250
260 251
252 251
261 252
236 252
262 236
253 236
263 253
264 254
255 254
265 255
256 255
266 256
267 256
242 256
268 242
269 243
270 244
271 245
272 257
258 257
272 258
259 258
273 259
274 259
250 259
260 250
275 260
261 260
276 261
262 261
276 262
263 262
277 263
278 263
265 264
266 265
267 266
268 267
269 268
270 269
271 270
272 271
273 272
274 273
250 274
275 250
276 275
277 276
278 277
3 0 3 4 0 3 0 2 0 3 4 0 3 2 0 2 3 1 0 4 2 4 3 2 3 1 4 3 1 4 3 2 0 3 1 4 4 2 4 2 1 4 1 0 2 1 0 4 3 0 3 3 0 4 1 2 4 3 2 4 2 2 3 1 0 1 0 2 0 1 3 0 3 4 0 4 1 4 2 4 2 4 3 4 1 2 3 4 2 1 2 0 2 0 4 1 3 4 2 4 0 1 0 2 0 2 4 1 3 1 3 1 1 2 1 1 0 3 4 2 1 0 3 4 3 3 2 0 4 3 0 3 2 3 4 2 0 4 3 2 1 4 3 0 2 3 1 4 1 0 2 0 2 0 1 3 1 4 2 1 1 4 0 2 1 4 0 2 0 4 2 2 1 0 0 2 3 2 0 4 0 4 1 3 4 2 4 2 4 3 4 3 4 1 1 3 1 2 4 0 3 4 1 4 0 4 1 3 0 3 1 4 1 2 1 3 0 1 3 0 2 3 4 4 2 2 3 1 4 2 0 4 3 0 1 0 3 1 0 3 4 0 4 2 3 4 3 0 1 3 4 1 4 4 4 3 1 1 0 2 3 0 2 0 2 4 3 2 0 1 4 1 2 1 0 2 4 2 4