257 567
17 0
1 0
18 1
2 1
19 2
3 2
20 3
4 3
21 4
5 4
22 5
6 5
23 6
24 6
7 6
8 7
9 8
25 9
10 9
26 10
11 10
27 11
28 11
12 11
13 12
14 13
29 14
15 14
30 15
16 15
31 16
32 17
18 17
33 18
19 18
34 19
20 19
35 20
21 20
36 21
22 21
37 22
23 22
37 23
24 23
37 24
7 24
38 8
25 8
38 25
26 25
39 26
27 26
28 27
27 28
13 28
40 13
29 13
41 29
30 29
41 30
31 30
42 31
33 32
34 33
35 34
43 35
36 35
43 36
37 36
44 37
45 37
7 37
38 7
46 38
47 38
39 38
48 39
27 39
49 27
50 27
40 27
51 40
52 40
41 40
52 41
42 41
53 33
54 33
35 33
55 35
56 35
57 43
44 43
57 44
45 44
58 45
37 45
59 37
60 7
46 7
47 46
48 47
61 48
49 48
62 49
50 49
63 50
51 50
64 51
52 51
64 52
41 52
64 41
65 42
66 53
54 53
67 54
55 54
67 55
56 55
67 56
43 56
68 57
58 57
69 58
59 58
70 59
60 59
71 60
46 60
72 46
73 47
61 47
74 61
62 61
74 62
63 62
74 63
64 63
74 64
75 64
65 64
64 65
76 66
67 66
77 67
78 67
43 67
79 43
68 43
80 68
57 68
81 57
69 57
82 69
70 69
82 70
71 70
83 71
72 71
84 72
73 72
84 73
74 73
85 74
86 74
75 74
64 75
87 64
88 64
89 64
77 76
67 77
90 67
91 78
79 78
92 79
80 79
93 80
81 80
93 81
82 81
94 82
83 82
95 83
84 83
96 84
85 84
97 85
86 85
98 86
99 86
75 86
100 75
87 75
88 87
101 88
89 88
102 77
103 77
90 77
104 90
91 90
92 91
93 92
105 93
82 93
106 82
107 94
95 94
108 95
84 95
85 96
96 85
98 97
109 98
99 98
110 99
100 99
87 100
111 87
101 87
112 101
89 101
113 89
103 102
114 103
104 103
115 104
92 104
116 92
117 92
105 92
118 105
93 105
106 93
119 106
107 106
120 107
108 107
121 108
84 108
97 96
109 97
110 109
122 110
100 110
123 100
111 100
124 111
112 111
124 112
113 112
125 102
114 102
115 114
126 115
116 115
127 116
117 116
128 117
118 117
129 118
93 118
130 93
119 93
131 119
120 119
131 120
121 120
96 121
132 96
133 96
134 97
135 97
122 109
136 122
123 122
137 123
124 123
138 124
139 124
113 124
140 113
114 125
141 114
126 114
127 126
142 127
128 127
142 128
129 128
143 129
130 129
144 130
131 130
145 131
121 131
146 121
132 121
133 132
147 133
134 133
148 134
135 134
149 135
109 135
150 109
136 109
137 136
151 137
138 137
152 138
139 138
153 139
140 139
154 140
155 125
141 125
126 141
142 126
126 142
156 142
143 142
157 143
144 143
157 144
145 144
157 145
146 145
158 146
132 146
159 132
147 132
148 147
160 148
149 148
161 149
150 149
162 150
136 150
163 136
151 136
152 151
153 152
154 153
164 154
126 155
155 126
156 126
165 156
157 156
165 157
166 157
167 157
145 157
168 145
158 145
159 158
169 159
147 159
169 147
160 147
170 160
161 160
171 161
162 161
172 162
163 162
152 163
173 152
173 153
164 153
174 164
175 155
176 155
165 155
177 165
178 165
166 165
179 166
167 166
180 167
168 167
181 168
158 168
182 158
169 158
183 169
170 169
183 170
171 170
184 171
172 171
152 172
185 173
174 173
186 174
187 155
155 175
188 155
189 176
177 176
190 177
178 177
191 178
179 178
180 179
192 180
181 180
193 181
182 181
169 182
194 169
195 183
196 183
184 183
197 184
172 184
198 172
199 152
200 152
201 173
186 185
202 186
175 187
188 175
175 188
189 188
190 189
203 190
191 190
179 191
192 179
193 192
204 193
182 193
205 182
194 182
206 194
195 194
207 195
196 195
197 196
198 197
199 198
200 199
201 200
208 201
185 201
209 185
202 185
210 202
187 175
211 175
189 175
212 189
203 189
191 203
213 179
214 192
204 192
215 204
205 204
216 205
206 205
217 206
207 206
218 207
197 207
219 197
220 197
199 197
221 199
222 199
208 200
209 208
210 209
223 210
224 187
211 187
225 211
212 211
203 212
226 203
227 191
213 191
214 213
228 214
215 214
229 215
216 215
230 216
217 216
231 217
218 217
232 218
219 218
233 219
220 219
234 220
221 220
235 221
222 221
236 222
200 222
237 200
209 200
237 209
238 209
223 209
239 223
240 224
187 224
241 187
225 187
242 225
212 225
243 212
226 212
244 226
227 226
245 227
213 227
246 213
228 213
247 228
229 228
248 229
230 229
249 230
231 230
232 231
250 232
233 232
250 233
234 233
251 234
235 234
252 235
236 235
252 236
237 236
253 237
254 237
238 237
255 238
239 238
256 239
241 240
242 241
243 242
244 243
245 244
246 245
247 246
248 247
249 248
231 249
250 231
251 250
252 251
253 252
254 253
255 254
256 255
3 2 4 3 0 4 3 4 0 2 4 1 4 3 0 3 1 4 3 2 1 2 0 4 1 1 3 0 2 1 2 0 0 2 3 4 1 2 3 1 4 0 4 2 4 0 2 0 4 2 1 2 3 1 0 2 1 1 2 1 0 1 0 3 1 0 2 4 4 3 0 4 3 1 4 2 3 0 0 1 3 2 1 0 4 3 1 4 0 4 3 4 2 4 0 3 1 4 3 2 0 3 2 1 0 3 3 4 1 1 4 3 0 2 0 4 0 4 1 1 0 2 0 4 1 3 1 3 1 4 1 3 3 4 1 2 3 2 0 3 4 4 2 3 0 2 1 0 4 1 0 4 2 4 1 2 4 1 0 1 3 4 2 0 2 0 2 0 3 4 2 3 0 1 3 0 4 1 3 0 2 0 1 3 4 3 4 3 1 3 4 1 1 4 0 2 0 3 2 0 1 2 0 2 3 0 4 0 0 4 1 1 4 4 3 1 4 1 4 0 4 1 3 0 4 2 0 3 1 0 3 2 1 2 1 4 0 3 1 4 3 2 3 1 2 4 3 2 1 0 3 2 3 4 0 3 0