77 153
9 0
1 0
10 1
2 1
11 2
3 2
11 3
4 3
12 4
5 4
13 5
6 5
14 6
7 6
15 7
8 7
15 8
16 9
1 9
17 1
18 10
11 10
19 11
12 11
20 12
13 12
21 13
14 13
22 14
15 14
23 15
24 15
25 16
17 16
26 17
18 17
27 18
19 18
11 19
28 11
20 11
29 20
21 20
30 21
22 21
30 22
23 22
24 23
31 24
32 25
26 25
33 26
27 26
34 27
19 27
34 19
28 19
35 28
29 28
36 29
30 29
36 30
37 30
23 30
38 23
31 23
39 31
40 32
33 32
40 33
34 33
41 34
35 34
42 35
36 35
43 36
37 36
44 37
38 37
45 38
39 38
46 39
47 40
48 40
41 40
49 41
34 41
42 34
50 42
43 42
36 43
51 36
44 36
45 44
46 45
52 46
53 47
48 47
54 48
49 48
55 49
34 49
56 34
50 34
57 50
43 50
58 43
51 43
59 51
44 51
60 44
61 45
52 45
62 52
63 53
54 53
64 54
55 54
56 55
55 56
57 56
65 57
58 57
65 58
59 58
66 59
60 59
67 60
61 60
68 61
62 61
69 62
70 63
64 63
71 64
55 64
72 55
65 55
73 65
66 65
67 66
74 67
68 67
75 68
69 68
76 69
71 70
72 71
73 72
66 73
74 66
75 74
76 75
5 6 1 7 3 4 0 6 1 1 0 6 7 1 4 2 7 4 6 7 0 2 3 1 7 6 1 5 0 3 4 6 4 7 2 6 0 5 7 5 3 6 1 5 4 1 3 6 4 7 7 2 4 4 1 5 6 3 7 4 3 6 5 7 2 4 5 0 2 1 3 4 3 0 3 7 3