78 152
8 0
1 0
9 1
2 1
10 2
3 2
11 3
4 3
12 4
5 4
13 5
14 5
6 5
15 6
7 6
16 7
17 8
18 8
9 8
19 9
10 9
20 10
11 10
21 11
12 11
21 12
13 12
21 13
14 13
22 14
15 14
23 15
16 15
24 16
25 17
18 17
25 18
19 18
25 19
20 19
26 20
21 20
27 21
28 21
22 21
28 22
23 22
29 23
24 23
30 24
31 25
32 25
26 25
33 26
27 26
34 27
28 27
35 28
29 28
36 29
30 29
37 30
38 31
25 31
39 25
40 32
33 32
40 33
34 33
27 34
35 27
41 35
28 35
42 28
36 28
43 36
37 36
44 37
45 38
39 38
46 39
40 39
47 40
27 40
48 27
49 27
41 27
50 41
42 41
43 42
51 43
44 43
52 44
53 45
46 45
54 46
40 46
55 40
55 47
48 47
56 48
49 48
57 49
50 49
58 50
42 50
59 42
51 42
60 51
52 51
61 52
62 53
54 53
63 54
55 54
56 55
64 56
57 56
58 57
65 58
59 58
66 59
60 59
67 60
61 60
68 61
69 62
63 62
70 63
55 63
71 55
64 55
72 64
57 64
73 57
65 57
74 65
66 65
75 66
67 66
76 67
68 67
77 68
70 69
71 70
55 71
72 55
73 72
74 73
75 74
76 75
77 76
1 6 1 4 6 1 0 7 7 0 4 6 7 3 5 1 5 4 3 1 0 4 7 6 1 0 7 5 0 7 0 5 6 5 2 4 4 5 3 2 4 2 5 2 0 2 1 1 6 2 4 6 2 4 5 3 2 0 7 0 7 6 7 6 1 3 7 6 4 4 0 7 6 2 1 0 5 7