82 159
8 0
1 0
9 1
2 1
10 2
3 2
11 3
4 3
12 4
13 4
5 4
6 5
14 6
7 6
15 7
16 8
9 8
17 9
10 9
18 10
11 10
19 11
12 11
20 12
21 12
13 12
22 13
5 13
23 5
14 5
24 14
15 14
25 15
26 16
17 16
27 17
18 17
28 18
19 18
29 19
20 19
30 20
21 20
31 21
22 21
23 22
32 23
24 23
32 24
25 24
33 25
34 26
27 26
35 27
28 27
36 28
29 28
37 29
30 29
38 30
31 30
39 31
22 31
40 22
32 22
41 32
42 32
33 32
42 33
43 34
35 34
43 35
36 35
44 36
37 36
45 37
38 37
46 38
39 38
47 39
40 39
48 40
41 40
49 41
42 41
50 42
51 42
52 43
44 43
53 44
45 44
46 45
54 46
47 46
55 47
48 47
56 48
49 48
57 49
50 49
51 50
58 51
59 43
60 52
53 52
61 53
45 53
62 45
54 45
63 54
55 54
64 55
56 55
64 56
57 56
65 57
50 57
65 50
58 50
66 58
67 59
60 59
68 60
61 60
69 61
62 61
70 62
63 62
71 63
64 63
72 64
73 64
65 64
74 65
66 65
75 66
76 67
68 67
76 68
69 68
77 69
70 69
77 70
71 70
77 71
72 71
78 72
73 72
79 73
74 73
79 74
80 74
75 74
81 75
77 76
78 77
79 78
80 79
81 80
0 4 0 3 0 2 4 3 4 0 7 1 6 4 0 5 6 1 5 0 4 1 5 4 5 7 1 2 0 7 6 4 0 1 7 0 6 3 7 5 3 1 6 2 7 2 6 2 0 4 1 5 3 6 5 0 4 6 2 3 0 3 6 1 5 2 4 1 4 5 1 2 1 4 6 2 5 6 4 7 4 5