75 148
10 0
1 0
11 1
2 1
12 2
3 2
13 3
4 3
14 4
5 4
15 5
6 5
16 6
7 6
17 7
8 7
18 8
9 8
19 9
20 10
11 10
20 11
12 11
13 12
21 13
14 13
22 14
15 14
16 15
23 16
17 16
24 17
18 17
25 18
19 18
26 19
27 20
12 20
28 12
21 12
28 21
22 21
29 22
15 22
23 15
30 23
24 23
31 24
25 24
32 25
26 25
33 26
34 27
28 27
35 28
29 28
28 29
15 29
28 15
30 15
36 30
31 30
37 31
32 31
38 32
33 32
39 33
40 34
27 34
40 27
35 27
41 35
28 35
41 28
42 28
43 28
36 28
44 36
37 36
44 37
38 37
44 38
39 38
45 39
46 40
41 40
47 41
42 41
48 42
43 42
49 43
44 43
50 44
51 44
45 44
52 45
53 46
47 46
54 47
55 47
48 47
56 48
49 48
57 49
44 49
58 44
59 50
51 50
60 51
52 51
61 52
54 53
62 54
55 54
63 55
56 55
57 56
64 57
58 57
65 58
59 58
66 59
60 59
67 60
61 60
68 61
69 53
62 53
70 62
63 62
70 63
56 63
71 56
64 56
72 64
65 64
66 65
73 66
67 66
74 67
68 67
74 68
70 69
71 70
72 71
65 72
73 65
74 73
4 6 1 6 3 2 1 2 5 4 5 7 6 3 4 3 6 5 6 2 4 5 6 1 0 1 4 1 7 4 0 4 3 6 6 6 2 0 4 7 2 4 3 5 7 5 6 1 4 2 2 1 3 3 0 6 7 5 6 3 7 5 4 5 6 0 5 2 1 1 2 0 2 7 3