79 153
10 0
1 0
11 1
2 1
12 2
3 2
13 3
4 3
14 4
5 4
15 5
6 5
16 6
7 6
17 7
8 7
18 8
9 8
19 9
20 10
11 10
21 11
12 11
21 12
13 12
21 13
14 13
15 14
21 15
16 15
21 16
17 16
22 17
18 17
23 18
19 18
24 19
21 20
25 21
14 21
21 14
26 21
22 21
27 22
23 22
28 23
24 23
29 24
30 20
25 20
31 25
21 25
32 21
33 21
34 26
27 26
35 27
28 27
36 28
29 28
37 29
38 30
31 30
39 31
25 31
40 25
32 25
41 32
33 32
42 33
43 33
34 33
44 34
35 34
45 35
36 35
45 36
37 36
46 37
47 38
39 38
48 39
40 39
49 40
41 40
42 41
50 42
43 42
51 43
44 43
51 44
45 44
52 45
53 45
46 45
54 46
55 47
48 47
56 48
49 48
57 49
41 49
58 41
50 41
51 50
59 51
52 51
60 52
53 52
61 53
54 53
62 54
63 55
56 55
64 56
57 56
64 57
58 57
65 58
50 58
66 50
59 50
67 59
68 59
60 59
69 60
61 60
62 61
70 63
64 63
71 64
65 64
72 65
66 65
73 66
67 66
74 67
68 67
75 68
69 68
76 69
62 69
77 62
78 62
71 70
64 71
72 64
73 72
74 73
75 74
76 75
77 76
78 77
2 3 7 2 4 3 2 7 2 7 6 5 1 0 3 6 0 2 7 0 1 4 1 3 2 6 5 6 5 7 5 0 1 3 1 5 1 5 6 2 3 6 2 4 6 2 6 2 0 2 7 0 4 7 0 0 3 6 0 3 1 2 6 6 7 5 6 5 2 3 4 6 6 4 6 0 6 0 2