53 113
9 0
1 0
10 1
2 1
11 2
3 2
12 3
4 3
13 4
5 4
6 5
5 6
7 6
14 7
8 7
15 8
16 9
10 9
16 10
11 10
16 11
12 11
4 12
17 4
18 13
5 13
19 5
14 5
20 14
15 14
21 15
22 16
12 16
23 12
17 12
24 17
18 17
19 18
25 19
20 19
26 20
21 20
27 21
28 22
16 22
29 16
23 16
24 23
18 24
30 18
25 18
31 25
19 25
26 19
32 26
27 26
32 27
33 28
29 28
34 29
23 29
35 24
30 24
36 30
31 30
19 31
32 19
37 32
38 32
39 33
28 33
39 28
34 28
23 34
35 23
40 35
36 35
31 36
41 19
37 19
42 37
38 37
43 39
23 39
31 23
40 23
31 40
36 40
41 31
42 41
41 42
38 42
41 38
31 43
23 43
44 31
45 41
46 41
47 43
48 31
49 31
41 44
50 41
51 41
52 45
46 45
48 47
49 48
44 49
50 44
51 50
52 51
46 52
0 3 1 3 2 3 0 3 1 2 0 3 0 0 0 2 1 3 2 1 3 0 3 2 0 0 0 3 2 0 1 3 2 1 3 3 2 0 3 3 1 0 1 0 2 1 2 2 1 0 3 1 3