50 110
7 0
1 0
8 1
9 1
10 1
2 1
11 2
3 2
4 3
12 4
5 4
13 5
6 5
14 6
15 7
8 7
16 8
9 8
17 9
10 9
11 10
3 11
18 3
12 3
13 12
19 13
20 13
14 13
21 14
22 15
16 15
23 16
17 16
24 17
11 17
25 11
18 11
26 18
12 18
19 12
20 19
21 20
20 21
27 22
23 22
27 23
24 23
25 24
11 25
28 11
26 11
12 26
12 19
29 27
24 27
29 24
28 25
26 28
30 12
20 12
12 20
31 29
28 29
32 28
33 26
30 26
33 30
12 30
34 12
35 29
29 31
32 29
28 32
36 28
33 28
37 33
34 33
38 34
39 35
31 35
40 31
32 31
31 32
36 32
41 36
37 36
42 37
43 37
38 37
34 38
40 39
31 40
44 31
41 31
45 41
42 41
46 42
43 42
46 43
38 43
47 38
48 38
49 38
44 40
31 44
45 31
46 45
47 46
48 47
49 48
2 3 1 2 1 0 3 1 2 0 1 0 0 3 0 3 0 1 3 2 1 3 0 1 3 1 1 2 3 1 2 3 2 0 1 0 1 2 3 2 0 2 3 1 1 1 0 2 0 2