55 114
8 0
1 0
8 1
2 1
8 2
3 2
8 3
4 3
3 4
5 4
9 5
6 5
10 6
7 6
11 7
12 7
13 8
14 8
15 8
3 8
15 3
9 3
16 9
10 9
17 10
11 10
17 11
12 11
18 12
19 13
14 13
19 14
15 14
20 15
21 15
16 15
21 16
17 16
22 17
18 17
15 19
23 15
24 20
21 20
25 21
26 21
22 21
27 22
18 22
28 18
29 15
24 23
30 24
25 24
31 25
26 25
32 26
27 26
33 27
28 27
33 28
23 29
34 23
35 23
30 23
36 30
31 30
37 31
32 31
38 32
27 32
39 27
40 33
41 23
42 34
35 34
43 35
36 35
37 36
38 37
37 38
39 38
37 39
40 39
44 40
33 40
44 33
45 41
42 41
46 42
43 42
47 43
36 43
48 36
49 37
50 37
44 37
50 44
51 44
46 45
47 46
46 47
48 47
46 48
49 48
46 49
50 49
52 50
53 50
51 50
54 51
52 46
53 52
54 53
0 2 0 3 2 1 3 1 1 0 2 3 0 0 3 0 3 1 2 1 1 2 0 2 0 3 0 3 1 3 1 0 2 0 1 3 2 3 1 0 3 1 3 1 2 2 1 0 3 2 0 3 2 1 0