53 114
7 0
1 0
8 1
2 1
9 2
3 2
4 3
10 4
5 4
11 5
6 5
12 7
0 7
12 0
8 0
1 8
13 1
9 1
14 9
4 9
15 4
16 10
11 10
17 11
6 11
18 6
19 12
8 12
20 8
13 8
15 13
14 13
15 14
21 15
16 15
22 16
17 16
23 17
18 17
24 18
25 12
20 19
26 20
15 20
26 15
27 15
28 15
22 21
29 22
23 22
30 23
24 23
30 24
31 25
19 25
26 19
19 26
27 26
28 27
32 28
21 28
33 21
29 21
33 29
30 29
34 30
35 30
36 31
19 31
36 19
27 19
32 27
27 32
33 32
37 33
38 33
34 33
39 34
35 34
40 35
41 36
27 36
42 27
37 27
38 37
37 38
39 38
43 39
40 39
44 40
45 41
36 41
45 36
45 27
46 42
37 42
42 37
47 37
43 37
48 43
44 43
48 44
49 45
46 45
42 46
50 42
51 42
47 42
52 47
48 47
45 49
51 50
52 51
48 52
1 3 1 0 1 2 0 0 0 0 2 3 2 1 2 0 1 0 1 0 3 1 3 1 0 3 2 3 2 2 3 1 1 3 1 2 2 2 1 2 3 0 0 0 1 1 2 1 2 0 3 1 0