59 123
8 0
1 0
8 1
2 1
9 2
3 2
9 3
4 3
9 4
5 4
10 5
6 5
10 6
7 6
11 7
12 8
13 8
9 8
14 9
15 9
16 9
10 9
17 10
11 10
17 11
18 12
13 12
19 13
14 13
20 14
15 14
20 15
21 15
16 15
10 16
22 17
23 18
24 18
19 18
25 19
20 19
25 20
26 20
21 20
27 21
16 21
28 16
17 16
29 22
30 23
24 23
25 24
26 25
27 26
31 27
28 27
32 28
17 28
33 17
34 17
29 17
35 29
24 30
36 25
37 26
31 26
32 31
31 32
33 32
34 33
38 34
35 34
39 35
40 24
41 24
36 24
42 36
37 36
42 37
26 37
43 26
44 31
45 31
33 31
45 33
38 33
39 38
46 40
41 40
47 41
42 41
47 42
48 42
43 42
49 43
44 43
49 44
45 44
50 45
38 45
45 38
45 39
47 46
51 47
48 47
52 48
49 48
53 49
54 49
50 49
55 50
45 50
56 45
57 45
58 45
51 46
52 51
53 52
54 53
55 54
56 55
57 56
58 57
2 0 3 0 3 2 3 1 3 2 0 2 1 2 0 1 3 1 3 0 3 0 2 2 0 2 0 3 2 3 3 2 1 3 0 1 1 2 2 3 1 3 0 1 3 0 3 2 3 0 3 0 2 1 3 2 1 2 1