85 164
7 0
1 0
8 1
2 1
9 2
3 2
10 3
4 3
11 4
5 4
12 5
6 5
13 6
14 6
15 7
8 7
16 8
1 8
17 1
9 1
18 9
10 9
19 10
4 10
20 11
12 11
21 12
13 12
22 13
14 13
23 14
24 15
16 15
25 16
17 16
26 17
18 17
27 18
19 18
28 19
4 19
29 4
20 4
30 20
21 20
31 21
22 21
32 22
23 22
33 23
34 24
25 24
35 25
26 25
36 26
27 26
37 27
28 27
38 28
29 28
39 29
30 29
40 30
31 30
40 31
32 31
41 32
33 32
42 33
43 34
35 34
44 35
36 35
45 36
37 36
46 37
38 37
46 38
39 38
47 39
40 39
48 40
49 40
41 40
50 41
42 41
51 42
52 43
44 43
53 44
45 44
54 45
46 45
55 46
56 46
47 46
56 47
48 47
57 48
49 48
58 49
50 49
59 50
51 50
60 52
53 52
61 53
54 53
62 54
55 54
63 55
56 55
64 56
65 56
57 56
66 57
58 57
67 58
59 58
68 59
51 59
69 60
61 60
70 61
62 61
70 62
63 62
71 63
64 63
72 64
65 64
72 65
66 65
73 66
67 66
68 67
74 68
51 68
75 51
76 69
70 69
77 70
78 70
71 70
79 71
72 71
80 72
81 72
73 72
82 73
67 73
83 67
74 67
84 74
75 74
77 76
78 77
79 78
80 79
81 80
82 81
83 82
84 83
75 84
2 4 3 9 8 2 9 9 6 7 1 7 6 5 8 2 3 5 6 4 9 1 3 4 6 7 9 5 7 1 3 2 6 5 5 2 3 9 2 3 6 4 3 2 3 4 3 9 8 5 8 4 6 9 2 1 7 1 8 7 8 3 1 8 5 0 2 7 0 3 5 0 9 5 2 6 4 9 8 5 6 5 0 2 1