87 166
8 0
9 0
1 0
10 1
2 1
11 2
3 2
12 3
4 3
13 4
5 4
14 5
6 5
15 6
16 6
7 6
17 7
18 8
9 8
19 9
10 9
20 10
11 10
21 11
12 11
22 12
13 12
23 13
14 13
24 14
15 14
24 15
16 15
25 16
17 16
26 17
27 18
19 18
28 19
20 19
29 20
21 20
30 21
22 21
30 22
23 22
31 23
24 23
32 24
33 24
25 24
34 25
26 25
34 26
35 27
28 27
36 28
29 28
37 29
30 29
38 30
39 30
31 30
40 31
32 31
41 32
33 32
42 33
34 33
43 34
44 35
36 35
45 36
37 36
46 37
38 37
47 38
39 38
47 39
40 39
48 40
41 40
49 41
42 41
43 42
50 43
34 43
51 34
52 44
45 44
46 45
53 46
47 46
54 47
48 47
55 48
49 48
56 49
42 49
50 42
57 50
51 50
58 51
59 52
45 52
60 45
53 45
61 53
47 53
62 47
63 54
55 54
64 55
56 55
65 56
42 56
66 42
57 42
67 57
58 57
68 59
60 59
69 60
61 60
70 61
62 61
71 62
63 62
72 63
64 63
73 64
65 64
74 65
66 65
75 66
67 66
75 67
58 67
76 58
77 68
69 68
78 69
70 69
79 70
71 70
80 71
72 71
81 72
73 72
82 73
74 73
83 74
75 74
84 75
85 75
76 75
86 76
78 77
79 78
80 79
81 80
82 81
83 82
84 83
85 84
86 85
6 3 0 8 2 9 4 1 2 7 8 3 5 1 7 0 5 3 7 2 4 0 8 5 4 6 8 4 0 1 4 1 2 5 4 6 4 7 5 0 8 7 0 6 7 0 4 7 3 6 4 9 1 9 0 1 4 2 1 4 2 5 8 1 5 8 7 0 7 9 1 7 8 7 0 4 2 3 5 4 2 5 0 2 0 2 5