88 167
9 0
1 0
10 1
11 1
2 1
12 2
3 2
13 3
4 3
14 4
5 4
15 5
6 5
16 6
7 6
17 7
8 7
18 8
19 9
10 9
20 10
11 10
21 11
12 11
22 12
13 12
23 13
14 13
24 14
15 14
25 15
16 15
26 16
17 16
27 17
18 17
28 18
29 19
20 19
30 20
21 20
31 21
22 21
32 22
23 22
33 23
24 23
34 24
25 24
35 25
26 25
36 26
27 26
37 27
28 27
37 28
38 29
30 29
39 30
31 30
39 31
32 31
40 32
33 32
41 33
34 33
42 34
35 34
43 35
36 35
44 36
37 36
45 37
46 37
47 38
39 38
48 39
49 39
40 39
50 40
41 40
51 41
42 41
52 42
43 42
52 43
44 43
53 44
45 44
46 45
54 46
55 47
48 47
49 48
56 49
50 49
56 50
51 50
57 51
52 51
58 52
53 52
59 53
45 53
60 45
54 45
61 54
62 55
48 55
63 48
56 48
64 56
65 56
57 56
66 57
58 57
67 58
52 58
59 52
68 59
60 59
69 60
61 60
70 61
71 62
63 62
72 63
64 63
73 64
65 64
74 65
66 65
75 66
67 66
76 67
52 67
77 52
68 52
78 68
69 68
79 69
70 69
80 70
81 71
72 71
82 72
73 72
83 73
74 73
84 74
75 74
85 75
76 75
85 76
77 76
86 77
78 77
79 78
80 79
87 80
82 81
83 82
84 83
85 84
86 85
78 86
87 79
8 4 6 3 7 9 7 2 7 0 3 6 3 0 6 4 1 9 5 5 4 7 6 3 1 0 2 5 3 6 2 5 0 9 4 5 0 4 9 3 7 6 7 6 8 7 6 5 1 8 4 9 4 0 4 2 0 2 8 2 6 3 4 9 8 3 4 2 5 2 1 1 0 5 8 0 7 0 7 1 6 8 2 4 9 3 9 5