82 162
9 0
1 0
10 1
2 1
11 2
3 2
12 3
13 3
4 3
14 4
5 4
15 5
6 5
15 6
7 6
15 7
8 7
16 9
10 9
17 10
11 10
12 11
18 12
13 12
18 13
14 13
19 14
15 14
20 15
21 15
22 15
8 15
23 8
24 16
17 16
25 17
11 17
18 11
11 18
26 18
19 18
27 19
20 19
27 20
21 20
28 21
22 21
29 22
23 22
30 24
25 24
31 25
11 25
32 11
33 11
26 11
34 26
27 26
35 27
36 27
28 27
37 28
29 28
23 29
38 23
39 30
31 30
39 31
32 31
40 32
33 32
41 33
34 33
42 34
35 34
43 35
36 35
44 36
37 36
45 37
29 37
46 29
38 29
47 38
48 39
49 39
40 39
50 40
41 40
51 41
42 41
52 42
43 42
53 43
44 43
54 44
45 44
55 45
46 45
56 46
47 46
57 47
58 48
49 48
59 49
50 49
51 50
50 51
52 51
60 52
53 52
61 53
54 53
62 54
55 54
63 55
56 55
64 56
57 56
65 57
66 58
59 58
66 59
50 59
66 50
67 50
60 50
61 60
68 61
62 61
69 62
63 62
70 63
64 63
71 64
65 64
72 65
73 66
74 66
75 66
67 66
76 67
60 67
77 60
68 60
78 68
69 68
79 69
70 69
80 70
71 70
81 71
72 71
74 73
75 74
76 75
77 76
78 77
79 78
80 79
81 80
72 81
3 9 7 5 1 2 9 3 9 8 1 8 0 4 9 1 0 9 5 3 4 2 5 3 3 5 9 8 3 4 0 2 9 2 4 5 6 8 6 8 0 5 8 1 4 5 0 2 1 7 8 6 3 8 5 1 7 6 3 0 7 0 9 4 2 4 9 6 8 0 9 3 8 3 8 0 2 6 9 7 4 6