81 158
9 0
1 0
2 1
10 2
3 2
11 3
4 3
12 4
5 4
13 5
6 5
14 6
7 6
15 7
8 7
16 8
17 9
1 9
17 1
10 1
18 10
11 10
19 11
12 11
20 12
13 12
21 13
14 13
22 14
15 14
23 15
8 15
24 8
25 17
26 17
18 17
27 18
19 18
28 19
20 19
29 20
21 20
22 21
30 22
23 22
31 23
24 23
32 24
16 24
33 16
34 25
26 25
35 26
27 26
36 27
28 27
37 28
29 28
37 29
21 29
38 21
30 21
39 30
31 30
40 31
32 31
41 32
33 32
42 33
43 34
35 34
44 35
36 35
45 36
37 36
46 37
47 37
38 37
48 38
39 38
49 39
40 39
50 40
41 40
51 41
42 41
52 42
53 43
44 43
54 44
45 44
55 45
46 45
56 46
47 46
57 47
48 47
58 48
49 48
59 49
50 49
51 50
60 51
52 51
54 53
61 54
55 54
62 55
56 55
63 56
57 56
64 57
58 57
65 58
59 58
66 59
50 59
67 50
60 50
52 60
68 52
61 53
62 61
69 62
63 62
70 63
64 63
70 64
65 64
66 65
71 66
67 66
72 67
60 67
72 60
68 60
73 68
74 61
75 61
69 61
76 69
70 69
77 70
65 70
77 65
71 65
78 71
72 71
79 72
80 72
73 72
75 74
76 75
77 76
78 77
79 78
80 79
73 80
3 6 9 5 7 8 6 1 2 4 1 6 9 6 9 4 3 9 6 9 2 4 6 3 5 1 7 4 2 3 8 9 1 2 4 9 2 8 0 2 5 7 6 2 1 9 3 7 9 6 0 2 5 1 7 2 6 1 6 9 1 4 8 2 6 8 5 2 4 5 7 6 9 5 7 0 9 6 2 8 3