504 1056
23 0
1 0
24 1
2 1
25 2
26 2
3 2
27 3
4 3
28 4
5 4
29 5
6 5
30 6
7 6
31 7
8 7
32 8
9 8
33 9
10 9
34 10
11 10
35 11
12 11
35 12
13 12
36 13
14 13
37 14
15 14
38 15
16 15
39 16
17 16
18 17
19 18
40 19
20 19
41 20
21 20
42 21
22 21
43 22
44 22
45 23
24 23
46 24
25 24
47 25
26 25
48 26
27 26
49 27
28 27
50 28
29 28
50 29
30 29
51 30
31 30
51 31
32 31
52 32
33 32
34 33
53 34
35 34
53 35
54 35
36 35
55 36
37 36
55 37
38 37
39 38
56 39
18 39
57 18
58 18
40 18
59 40
41 40
42 41
60 42
43 42
61 43
44 43
61 44
62 45
46 45
63 46
47 46
48 47
64 48
49 48
65 49
50 49
66 50
67 50
51 50
68 51
69 51
52 51
70 52
33 52
71 33
53 33
72 53
54 53
73 54
55 54
74 55
38 55
56 38
75 56
57 56
75 57
58 57
76 58
59 58
77 59
41 59
77 41
60 41
78 60
61 60
79 61
80 61
81 62
63 62
82 63
47 63
83 47
64 47
66 64
65 64
66 65
67 66
84 67
68 67
85 68
69 68
86 69
70 69
87 70
71 70
88 71
72 71
89 72
73 72
89 73
74 73
90 74
55 74
91 55
92 38
75 38
92 75
93 75
76 75
94 76
77 76
95 77
96 77
78 77
97 78
79 78
98 79
80 79
99 80
82 81
100 82
83 82
101 83
66 83
101 66
102 66
103 66
84 66
104 84
85 84
105 85
86 85
106 86
87 86
88 87
107 88
89 88
108 89
109 89
90 89
110 90
91 90
111 91
92 91
112 92
93 92
94 93
113 94
95 94
96 95
97 96
114 97
98 97
115 98
99 98
116 99
117 81
100 81
118 100
101 100
119 101
120 101
102 101
121 102
103 102
122 103
104 103
123 104
105 104
106 105
124 106
87 106
125 87
107 87
126 107
89 107
127 89
128 108
109 108
110 109
129 110
111 110
129 111
112 111
130 112
131 112
93 112
131 93
113 93
132 113
96 113
133 96
114 96
134 114
115 114
135 115
116 115
136 116
137 117
118 117
119 118
120 119
138 120
121 120
139 121
122 121
139 122
123 122
105 123
140 105
124 105
140 124
125 124
141 125
126 125
142 126
127 126
143 127
128 127
143 128
109 128
143 109
129 109
144 129
145 129
130 129
146 130
131 130
146 131
147 131
132 131
147 132
133 132
148 133
149 133
134 133
150 134
135 134
151 135
136 135
152 136
153 137
118 137
154 118
155 119
138 119
156 138
139 138
157 139
123 139
140 123
158 140
159 140
141 140
160 141
142 141
161 142
143 142
162 143
163 143
164 143
144 143
165 144
145 144
166 145
146 145
167 146
168 146
147 146
169 147
170 147
148 147
171 148
149 148
172 149
150 149
172 150
151 150
173 151
152 151
174 152
175 153
154 153
176 154
155 154
177 155
156 155
178 156
157 156
178 157
139 157
179 139
180 123
158 123
181 158
159 158
182 159
160 159
183 160
161 160
184 161
162 161
185 162
163 162
186 163
164 163
187 164
165 164
188 165
166 165
189 166
167 166
190 167
168 167
190 168
169 168
191 169
170 169
192 170
171 170
192 171
172 171
193 172
194 172
173 172
195 173
174 173
196 174
197 175
176 175
197 176
177 176
198 177
178 177
199 178
200 178
179 178
201 179
180 179
202 180
181 180
182 181
203 182
183 182
204 183
184 183
185 184
205 185
186 185
205 186
187 186
206 187
188 187
207 188
189 188
207 189
190 189
208 190
209 190
191 190
210 191
192 191
211 192
212 192
193 192
213 193
194 193
214 194
195 194
215 195
196 195
216 196
217 197
198 197
199 198
198 199
200 199
218 200
201 200
219 201
202 201
220 202
181 202
221 181
203 181
222 203
204 203
184 204
205 184
223 205
224 205
206 205
225 206
207 206
226 207
227 207
208 207
228 208
209 208
229 209
210 209
230 210
211 210
231 211
212 211
232 212
213 212
232 213
214 213
233 214
215 214
234 215
216 215
235 216
236 217
237 217
198 217
238 198
239 198
218 198
240 218
219 218
241 219
220 219
241 220
221 220
242 221
222 221
242 222
184 222
243 184
223 184
244 223
224 223
245 224
225 224
246 225
226 225
247 226
227 226
248 227
228 227
249 228
229 228
230 229
231 230
250 231
232 231
251 232
252 232
233 232
253 233
234 233
254 234
235 234
255 235
256 236
237 236
256 237
238 237
257 238
239 238
258 239
240 239
259 240
241 240
260 241
261 241
242 241
262 242
184 242
263 184
264 243
244 243
265 244
245 244
266 245
246 245
267 246
247 246
268 247
248 247
269 248
249 248
270 249
229 249
271 229
272 230
250 230
272 250
251 250
273 251
252 251
274 252
253 252
275 253
254 253
276 254
255 254
277 255
278 256
279 256
257 256
280 257
258 257
259 258
281 259
260 259
261 260
282 261
242 261
283 242
284 262
263 262
284 263
264 263
285 264
265 264
266 265
286 266
267 266
287 267
268 267
287 268
269 268
288 269
270 269
289 270
271 270
290 271
272 271
291 272
273 272
292 273
274 273
293 274
275 274
294 275
276 275
295 276
277 276
296 278
279 278
296 279
280 279
297 280
258 280
298 258
281 258
299 281
260 281
282 260
283 282
300 283
284 283
301 284
302 284
285 284
303 285
265 285
304 265
286 265
305 286
287 286
306 287
288 287
289 288
307 289
290 289
291 290
308 291
309 291
292 291
310 292
293 292
311 293
294 293
312 294
295 294
313 295
277 295
314 296
297 296
315 297
298 297
316 298
299 298
317 299
282 299
318 282
319 282
300 282
320 300
301 300
321 301
302 301
321 302
303 302
322 303
304 303
305 304
323 305
306 305
323 306
324 306
288 306
325 288
307 288
325 307
290 307
326 290
308 290
327 308
309 308
328 309
310 309
329 310
311 310
330 311
312 311
331 312
313 312
332 313
277 313
333 277
334 314
335 314
315 314
336 315
316 315
337 316
317 316
318 317
338 318
319 318
339 319
320 319
340 320
321 320
341 321
342 321
322 321
343 322
304 322
344 304
323 304
344 323
345 323
324 323
346 324
325 324
347 325
348 325
326 325
348 326
327 326
349 327
328 327
350 328
329 328
351 329
330 329
352 330
331 330
353 331
332 331
353 332
333 332
354 333
355 334
335 334
356 335
336 335
357 336
337 336
358 337
317 337
358 317
338 317
359 338
339 338
360 339
340 339
361 340
341 340
362 341
342 341
363 342
343 342
364 343
344 343
365 344
366 344
345 344
367 345
346 345
368 346
347 346
369 347
348 347
370 348
371 348
349 348
372 349
350 349
373 350
351 350
374 351
352 351
375 352
353 352
376 353
377 353
354 353
378 354
379 355
356 355
380 356
357 356
381 357
358 357
382 358
383 358
359 358
384 359
360 359
385 360
361 360
386 361
362 361
387 362
363 362
388 363
364 363
389 364
365 364
390 365
366 365
390 366
367 366
391 367
368 367
391 368
369 368
392 369
370 369
393 370
371 370
394 371
372 371
395 372
373 372
396 373
374 373
397 374
375 374
398 375
376 375
399 376
377 376
378 377
377 378
400 379
380 379
401 380
381 380
402 381
382 381
403 382
383 382
404 383
384 383
404 384
385 384
405 385
386 385
387 386
406 387
388 387
407 388
389 388
408 389
390 389
409 390
410 390
391 390
411 391
412 391
392 391
412 392
393 392
413 393
394 393
414 394
395 394
415 395
396 395
416 396
397 396
417 397
398 397
418 398
399 398
419 399
377 399
420 377
401 400
402 401
421 402
403 402
422 403
404 403
423 404
424 404
405 404
425 405
386 405
426 386
406 386
427 406
407 406
428 407
408 407
429 408
409 408
430 409
410 409
430 410
411 410
431 411
412 411
432 412
413 412
433 413
414 413
415 414
434 415
416 415
434 416
417 416
435 417
418 417
419 418
436 419
420 419
437 420
438 420
439 401
440 401
421 401
422 421
441 422
423 422
442 423
424 423
443 424
425 424
444 425
426 425
445 426
427 426
446 427
428 427
447 428
429 428
448 429
430 429
449 430
450 430
431 430
451 431
412 431
452 412
453 432
433 432
454 433
414 433
454 414
434 414
455 434
456 434
435 434
457 435
418 435
458 418
436 418
459 436
437 436
460 437
438 437
461 438
440 439
462 440
421 440
463 421
441 421
464 441
442 441
465 442
443 442
466 443
444 443
467 444
445 444
468 445
446 445
469 446
447 446
470 447
448 447
471 448
449 448
472 449
450 449
473 450
451 450
474 451
452 451
475 452
453 452
476 453
454 453
477 454
455 454
478 455
456 455
479 456
457 456
480 457
458 457
481 458
459 458
482 459
460 459
483 460
461 460
484 461
485 439
462 439
486 462
463 462
486 463
464 463
465 464
464 465
466 465
487 466
467 466
468 467
488 468
469 468
489 469
470 469
490 470
471 470
491 471
472 471
491 472
473 472
492 473
474 473
493 474
475 474
494 475
476 475
495 476
477 476
496 477
454 477
497 454
478 454
498 478
479 478
499 479
480 479
500 480
481 480
500 481
482 481
501 482
483 482
502 483
484 483
503 484
486 485
464 486
487 464
467 487
488 467
489 488
490 489
491 490
492 491
493 492
494 493
495 494
496 495
497 496
498 497
499 498
500 499
501 500
502 501
503 502
1 0 8 9 0 1 7 6 5 2 4 0 6 1 8 9 3 1 2 5 6 0 3 3 7 0 9 6 4 9 1 4 0 3 1 7 8 9 0 5 7 0 9 0 8 1 3 9 0 9 3 2 6 8 3 5 4 8 9 3 6 3 5 0 8 5 7 9 7 8 1 9 2 8 4 9 6 9 7 9 5 8 1 6 2 5 1 0 2 0 2 4 6 3 8 0 1 2 0 6 3 1 0 3 0 9 6 5 4 1 9 1 4 0 4 5 0 6 5 0 8 4 7 6 2 1 2 6 9 5 7 5 3 0 9 4 7 7 5 8 7 4 9 0 7 9 8 9 6 4 7 5 1 1 0 8 1 2 0 1 8 2 1 4 5 2 8 6 1 2 6 5 0 9 8 0 7 6 8 6 2 1 8 4 0 2 0 4 3 5 9 1 2 3 7 0 6 1 4 1 9 0 6 5 9 7 8 9 3 7 4 8 0 8 9 4 8 8 3 7 2 4 7 2 1 4 5 1 2 0 2 0 3 5 6 7 9 0 2 9 1 3 9 6 3 7 3 0 6 1 5 2 6 4 0 2 7 4 5 0 5 7 3 5 7 2 5 8 3 8 5 2 6 7 0 6 8 7 3 4 0 2 1 7 0 9 3 7 5 7 8 2 1 5 8 6 7 8 0 3 9 8 5 6 4 8 6 9 7 3 5 6 4 8 1 3 5 1 4 9 4 6 7 9 8 2 9 3 8 3 8 6 7 8 9 0 8 3 6 7 6 5 0 5 3 1 0 3 5 9 5 1 2 3 4 7 9 1 6 9 1 4 1 3 0 1 4 2 9 8 7 0 4 7 9 7 1 7 2 3 7 9 2 7 4 9 1 3 5 3 7 0 4 8 3 7 4 6 0 4 5 3 7 1 6 2 8 4 6 2 3 8 3 0 2 9 2 3 9 0 8 1 4 7 1 3 6 7 9 1 6 5 9 5 8 7 1 7 6 6 0 9 8 2 0 4 6 2 4 3 0 8 9 0 7 6 9 4 8 7 0 8 4 2 8 2 6 4 6 3 8 6 1 6 1 7 6 3 0 6 0 9 5 3 2 8 3 3 3 0 7 3 1 7 8 4 8 9 2 8 5 6 0 6