508 1063
21 0
1 0
22 1
2 1
23 2
3 2
24 3
4 3
5 4
4 5
25 5
6 5
26 6
7 6
27 7
8 7
28 8
9 8
8 9
10 9
29 10
30 10
11 10
31 11
12 11
31 12
13 12
32 13
14 13
33 14
15 14
34 15
16 15
35 16
17 16
36 17
37 17
18 17
19 18
38 19
20 19
39 20
40 21
22 21
41 22
23 22
42 23
24 23
43 24
4 24
44 4
45 4
25 4
46 25
26 25
47 26
27 26
48 27
28 27
49 28
8 28
50 8
29 8
51 29
30 29
52 30
31 30
53 31
54 31
32 31
55 32
33 32
56 33
34 33
57 34
35 34
57 35
36 35
58 36
37 36
59 37
18 37
60 18
38 18
61 38
39 38
62 39
63 40
41 40
63 41
42 41
64 42
43 42
65 43
44 43
65 44
45 44
66 45
46 45
67 46
47 46
68 47
48 47
69 48
49 48
70 49
50 49
71 50
72 50
51 50
72 51
52 51
72 52
53 52
73 53
54 53
73 54
55 54
74 55
56 55
75 56
57 56
76 57
58 57
77 58
59 58
78 59
60 59
79 60
61 60
80 61
62 61
81 62
82 63
64 63
83 64
65 64
84 65
85 65
66 65
86 66
67 66
87 67
68 67
88 68
69 68
89 69
70 69
71 70
72 71
90 72
91 72
92 72
73 72
93 73
94 73
74 73
95 74
75 74
96 75
57 75
97 57
77 76
76 77
78 77
76 78
79 78
98 79
80 79
99 80
81 80
100 81
101 63
102 82
83 82
103 83
84 83
104 84
85 84
105 85
86 85
106 86
87 86
107 87
88 87
108 88
89 88
109 89
71 89
110 71
90 71
111 90
91 90
112 91
92 91
113 92
93 92
114 93
94 93
115 94
95 94
116 95
96 95
117 96
97 96
118 97
76 97
119 76
120 76
121 76
98 76
122 98
99 98
123 99
100 99
124 100
125 101
102 101
126 102
103 102
104 103
127 104
105 104
128 105
106 105
128 106
107 106
129 107
108 107
129 108
109 108
130 109
110 109
131 110
111 110
132 111
112 111
133 112
113 112
134 113
114 113
135 114
115 114
116 115
136 116
117 116
136 117
118 117
137 118
119 118
138 119
120 119
139 120
121 120
140 121
122 121
141 122
123 122
142 123
124 123
143 125
126 125
144 126
103 126
145 103
127 103
145 127
128 127
146 128
147 128
129 128
147 129
148 129
130 129
149 130
131 130
150 131
110 131
151 110
132 110
152 132
133 132
153 133
134 133
154 134
135 134
155 135
115 135
136 115
156 136
157 136
137 136
158 137
138 137
159 138
139 138
160 139
140 139
161 140
141 140
162 141
142 141
163 142
124 142
164 124
165 143
144 143
166 144
145 144
167 145
168 145
146 145
169 146
147 146
170 147
171 147
148 147
172 148
149 148
172 149
150 149
173 150
151 150
152 151
174 152
153 152
175 153
154 153
176 154
155 154
177 155
115 155
177 115
156 115
157 156
178 157
158 157
179 158
159 158
180 159
160 159
181 160
161 160
182 161
162 161
163 162
164 163
183 164
184 165
166 165
185 166
167 166
186 167
168 167
187 168
169 168
188 169
170 169
189 170
171 170
190 171
172 171
191 172
173 172
192 173
151 173
193 151
174 151
194 174
175 174
195 175
176 175
177 176
196 177
197 177
156 177
198 156
178 156
199 178
179 178
200 179
180 179
201 180
181 180
202 181
182 181
202 182
162 182
203 162
204 163
183 163
205 183
206 184
185 184
207 185
186 185
207 186
187 186
208 187
188 187
208 188
189 188
209 189
190 189
210 190
172 190
211 172
212 191
192 191
193 192
213 193
194 193
214 194
195 194
215 195
176 195
216 176
196 176
217 196
197 196
218 197
198 197
219 198
199 198
200 199
220 200
201 200
221 201
202 201
222 202
223 202
203 202
224 203
204 203
225 204
205 204
226 205
227 206
207 206
228 207
229 207
208 207
230 208
231 208
209 208
210 209
232 210
211 210
233 211
212 211
233 212
192 212
234 192
213 192
235 213
214 213
235 214
215 214
236 215
216 215
237 216
217 216
237 217
218 217
238 218
219 218
239 219
199 219
240 199
220 199
241 220
221 220
242 221
222 221
243 222
223 222
243 223
224 223
225 224
244 225
226 225
245 226
246 227
228 227
247 228
229 228
248 229
230 229
249 230
231 230
250 231
209 231
232 209
251 232
233 232
252 233
234 233
252 234
235 234
253 235
236 235
254 236
237 236
255 237
256 237
238 237
257 238
239 238
258 239
240 239
259 240
241 240
260 241
242 241
261 242
243 242
262 243
224 243
263 224
244 224
264 244
245 244
265 245
266 246
247 246
267 247
248 247
268 248
249 248
269 249
250 249
270 250
209 250
270 209
251 209
271 251
233 251
272 252
253 252
273 253
274 253
254 253
255 254
275 255
256 255
276 256
257 256
277 257
258 257
259 258
278 259
260 259
279 260
261 260
280 261
243 261
281 243
282 262
263 262
283 263
264 263
284 264
265 264
285 265
267 266
286 267
268 267
287 268
269 268
288 269
270 269
289 270
290 270
271 270
290 271
233 271
291 233
272 233
292 272
252 272
293 252
273 252
294 273
274 273
295 274
254 274
296 254
275 254
297 275
276 275
298 276
277 276
299 277
258 277
300 258
278 258
301 278
279 278
302 279
280 279
281 280
303 281
282 281
304 282
283 282
305 283
284 283
306 284
285 284
306 285
307 266
286 266
308 286
287 286
308 287
288 287
309 288
289 288
310 289
290 289
311 290
312 290
291 290
313 291
292 291
314 292
293 292
294 293
315 294
295 294
316 295
296 295
317 296
297 296
298 297
299 298
318 299
300 299
319 300
301 300
302 301
280 302
320 280
303 280
321 303
304 303
322 304
305 304
323 305
306 305
324 306
325 306
326 307
308 307
327 308
328 308
309 308
329 309
310 309
330 310
311 310
331 311
312 311
332 312
313 312
333 313
314 313
334 314
293 314
315 293
335 315
316 315
336 316
317 316
337 317
297 317
338 297
338 298
318 298
339 318
319 318
340 319
302 319
341 302
320 302
341 320
321 320
342 321
322 321
343 322
323 322
344 323
324 323
345 324
325 324
346 325
347 326
327 326
347 327
328 327
348 328
329 328
349 329
330 329
350 330
331 330
351 331
332 331
351 332
333 332
352 333
334 333
353 334
293 334
354 293
335 293
336 335
355 336
337 336
356 337
338 337
357 338
339 338
358 339
340 339
359 340
341 340
360 341
361 341
362 341
342 341
363 342
343 342
364 343
344 343
365 344
345 344
366 345
346 345
367 346
368 347
369 347
348 347
370 348
349 348
350 349
371 350
351 350
371 351
372 351
352 351
373 352
353 352
354 353
353 354
335 354
374 335
355 335
375 355
356 355
376 356
338 356
377 338
378 357
358 357
379 358
359 358
380 359
360 359
381 360
361 360
382 361
362 361
383 362
363 362
384 363
364 363
365 364
364 365
366 365
364 366
367 366
385 367
386 368
369 368
387 369
370 369
388 370
349 370
389 349
371 349
390 371
372 371
371 372
373 372
391 373
353 373
392 353
393 353
374 353
394 374
375 374
394 375
376 375
377 376
395 377
378 377
395 378
379 378
396 379
380 379
397 380
381 380
398 381
382 381
399 382
383 382
400 383
384 383
401 384
364 384
402 364
403 364
404 364
385 364
405 385
406 386
387 386
407 387
388 387
408 388
389 388
409 389
390 389
410 390
371 390
411 371
412 371
391 371
413 391
392 391
414 392
393 392
415 393
394 393
416 394
376 394
395 376
376 395
417 395
396 395
397 396
398 397
418 398
399 398
419 399
400 399
419 400
401 400
420 401
402 401
421 402
403 402
421 403
404 403
422 404
405 404
423 405
424 406
407 406
425 407
408 407
426 408
409 408
427 409
410 409
428 410
411 410
412 411
429 412
413 412
430 413
414 413
431 414
415 414
432 415
416 415
433 416
376 416
434 376
435 376
417 376
436 417
396 417
437 397
418 397
419 418
438 419
439 419
420 419
440 420
421 420
441 421
442 421
422 421
443 422
423 422
444 423
445 424
425 424
446 425
426 425
447 426
427 426
448 427
428 427
449 428
411 428
450 411
429 411
450 429
430 429
451 430
431 430
452 431
432 431
453 432
433 432
454 433
434 433
455 434
435 434
456 435
436 435
457 436
396 436
458 396
437 396
458 437
418 437
459 418
438 418
460 438
439 438
461 439
440 439
462 440
441 440
463 441
442 441
464 442
443 442
465 443
444 443
465 444
466 445
446 445
447 446
448 447
467 448
449 448
468 449
450 449
468 450
451 450
469 451
452 451
470 452
453 452
471 453
454 453
472 454
455 454
473 455
456 455
474 456
475 456
457 456
476 457
458 457
477 458
478 458
459 458
479 459
460 459
480 460
461 460
481 461
462 461
482 462
463 462
483 463
464 463
484 464
465 464
485 465
486 465
487 466
447 466
487 447
488 447
467 447
489 467
468 467
489 468
490 468
491 468
469 468
492 469
470 469
493 470
471 470
494 471
472 471
495 472
473 472
495 473
474 473
496 474
475 474
497 475
476 475
498 476
477 476
498 477
478 477
499 478
479 478
500 479
480 479
501 480
481 480
502 481
482 481
503 482
483 482
504 483
484 483
505 484
485 484
506 485
486 485
507 486
488 487
489 488
490 489
491 490
492 491
493 492
494 493
495 494
496 495
497 496
498 497
499 498
500 499
501 500
502 501
503 502
504 503
505 504
506 505
507 506
3 5 2 0 1 2 9 1 9 5 3 1 6 8 6 1 3 8 1 4 1 4 7 6 2 5 6 8 1 6 2 8 3 9 6 7 1 7 7 0 5 9 8 5 0 7 8 4 1 2 6 7 9 2 3 1 8 0 2 9 8 4 8 6 4 2 8 6 9 6 3 1 3 0 8 9 5 9 2 1 3 6 1 7 4 5 1 3 6 8 6 9 8 9 4 3 2 4 4 2 3 3 9 2 5 0 2 9 3 9 0 8 5 6 1 7 2 1 9 3 1 8 0 7 0 4 8 6 8 1 7 5 2 4 0 6 9 3 2 6 4 1 2 6 3 0 2 4 0 2 3 7 3 6 7 9 5 3 8 9 0 9 0 9 8 0 8 9 7 3 6 7 3 4 2 5 1 8 4 7 6 5 2 5 9 5 1 3 8 9 4 8 7 0 1 8 7 2 8 3 8 9 3 8 0 6 0 6 2 6 8 9 0 4 7 3 7 2 0 1 2 4 8 4 6 8 1 6 8 3 8 5 7 8 0 3 9 0 5 0 1 8 6 5 7 9 5 7 9 1 9 5 7 9 0 3 7 3 8 7 0 1 8 0 6 5 8 9 3 2 7 1 2 0 4 7 8 5 1 5 6 2 3 9 4 8 7 8 0 9 0 3 8 1 4 6 7 1 0 1 0 6 1 8 4 1 3 4 0 8 7 1 4 6 7 7 3 5 2 7 5 2 1 8 7 4 2 5 4 7 0 4 1 7 0 3 5 8 2 4 2 9 3 5 0 8 3 6 0 1 4 9 3 1 9 7 0 3 2 8 6 2 7 8 3 2 1 8 5 1 7 8 7 9 7 0 8 6 2 3 2 1 7 5 7 0 0 3 1 2 4 0 6 2 9 5 0 8 2 8 1 8 9 5 1 9 2 9 0 8 9 0 3 9 7 8 7 1 5 0 1 3 9 8 1 7 8 6 3 2 3 1 2 9 1 9 5 7 9 1 9 1 6 0 2 5 3 5 7 6 5 0 4 5 8 0 4 3 2 7 6 7 6 2 9 1 3 4 0 5 9 7 9 5 8 7 5 9 4 1 8 1 4 8 5 0 5 7 2 6 9 6 9 6 1 6 2 5 7 3 4 7 6 7 2 9 8 9