516 1072
24 0
1 0
25 1
2 1
25 2
3 2
4 3
3 4
5 4
6 5
26 6
27 6
7 6
8 7
28 8
9 8
29 9
10 9
30 10
11 10
12 11
11 12
13 12
31 13
14 13
32 14
15 14
16 15
15 16
17 16
33 17
18 17
34 18
19 18
35 19
20 19
36 20
21 20
37 21
22 21
38 22
23 22
39 23
40 24
25 24
41 25
42 25
3 25
43 3
44 3
5 3
45 5
26 5
46 26
27 26
47 27
7 27
48 7
28 7
49 28
29 28
49 29
30 29
50 30
11 30
51 11
52 11
31 11
53 31
32 31
54 32
15 32
55 15
56 15
33 15
57 33
34 33
58 34
35 34
59 35
36 35
60 36
37 36
61 37
38 37
62 38
39 38
63 39
64 40
41 40
42 41
65 42
43 42
66 43
44 43
67 44
45 44
68 45
46 45
69 46
47 46
70 47
48 47
70 48
49 48
71 49
72 49
50 49
73 50
51 50
74 51
52 51
75 52
53 52
76 53
54 53
77 54
55 54
78 55
56 55
79 56
57 56
80 57
58 57
81 58
59 58
82 59
60 59
83 60
61 60
84 61
62 61
85 62
63 62
86 63
87 64
41 64
88 41
65 41
89 65
66 65
90 66
67 66
68 67
91 68
69 68
70 69
92 70
93 70
71 70
94 71
72 71
73 72
95 73
74 73
96 74
75 74
97 75
76 75
98 76
77 76
99 77
78 77
100 78
79 78
101 79
80 79
102 80
81 80
82 81
103 82
83 82
104 83
84 83
105 84
85 84
106 85
86 85
107 86
108 87
88 87
109 88
89 88
110 89
90 89
111 90
67 90
112 67
91 67
113 91
69 91
114 69
92 69
93 92
94 93
115 94
72 94
116 72
95 72
96 95
117 96
97 96
118 97
98 97
99 98
119 99
100 99
120 100
101 100
121 101
102 101
122 102
81 102
123 81
103 81
124 103
104 103
125 104
105 104
126 105
106 105
127 106
107 106
128 107
109 108
129 109
110 109
111 110
130 111
112 111
113 112
131 113
114 113
132 114
92 114
133 92
134 93
115 93
135 115
116 115
136 116
95 116
137 95
117 95
138 117
118 117
139 118
98 118
119 98
120 119
140 120
121 120
141 121
122 121
142 122
123 122
143 123
124 123
144 124
125 124
145 125
126 125
127 126
146 127
128 127
147 128
148 108
129 108
149 129
110 129
150 110
130 110
151 130
112 130
152 112
131 112
153 131
132 131
133 132
134 133
154 134
135 134
155 135
136 135
137 136
156 137
138 137
157 138
139 138
158 139
119 139
159 119
140 119
160 140
141 140
161 141
142 141
162 142
143 142
163 143
144 143
145 144
126 145
164 126
146 126
165 146
147 146
166 147
167 148
149 148
168 149
150 149
169 150
151 150
170 151
152 151
171 152
153 152
172 153
132 153
173 132
174 133
154 133
175 154
155 154
176 155
136 155
177 136
156 136
178 156
157 156
179 157
158 157
159 158
180 159
119 159
160 119
181 160
161 160
182 161
162 161
182 162
163 162
183 163
144 163
184 144
185 145
164 145
186 164
165 164
187 165
166 165
188 166
189 167
168 167
190 168
169 168
191 169
170 169
192 170
171 170
193 171
172 171
194 172
173 172
194 173
174 173
175 174
176 175
175 176
177 176
195 177
178 177
179 178
196 179
158 179
119 158
180 158
119 180
181 119
197 181
182 181
198 182
199 182
183 182
200 183
184 183
201 184
185 184
202 185
186 185
203 186
187 186
204 187
188 187
205 188
206 189
190 189
207 190
191 190
208 191
192 191
209 192
193 192
210 193
194 193
211 194
212 194
174 194
213 174
214 175
195 175
178 195
215 178
196 178
216 196
119 196
217 119
218 119
197 119
218 197
198 197
219 198
199 198
220 199
200 199
220 200
201 200
202 201
203 202
221 203
204 203
222 204
205 204
223 205
224 206
207 206
225 207
208 207
226 208
209 208
227 209
210 209
227 210
211 210
228 211
212 211
229 212
213 212
230 213
214 213
231 214
195 214
232 195
215 195
216 215
233 216
119 216
234 119
235 217
218 217
236 218
237 218
219 218
237 219
220 219
238 220
239 220
202 220
240 202
241 202
221 202
242 221
222 221
243 222
223 222
244 223
245 224
225 224
246 225
226 225
247 226
227 226
248 227
249 227
228 227
250 228
229 228
251 229
230 229
231 230
230 231
195 231
252 195
253 232
215 232
254 215
233 215
254 233
234 233
255 234
235 234
256 235
236 235
257 236
237 236
258 237
259 237
238 237
259 238
239 238
260 239
240 239
261 240
241 240
261 241
242 241
262 242
243 242
263 243
244 243
264 244
265 245
246 245
266 246
247 246
267 247
248 247
268 248
249 248
269 249
250 249
251 250
270 251
230 251
271 230
272 230
252 230
273 252
253 252
274 253
254 253
275 254
276 254
255 254
277 255
256 255
278 256
257 256
279 257
258 257
280 258
259 258
281 259
282 259
260 259
283 260
261 260
284 261
262 261
263 262
285 263
264 263
286 264
287 265
266 265
288 266
267 266
289 267
268 267
290 268
269 268
291 269
250 269
292 250
270 250
293 270
271 270
294 271
272 271
295 272
273 272
296 273
274 273
297 274
275 274
298 275
276 275
299 276
277 276
300 277
278 277
301 278
279 278
280 279
302 280
281 280
303 281
282 281
303 282
283 282
304 283
284 283
304 284
305 284
262 284
306 262
285 262
307 285
286 285
308 286
309 287
288 287
309 288
289 288
310 289
290 289
311 290
291 290
292 291
312 292
293 292
313 293
294 293
314 294
295 294
315 295
296 295
316 296
297 296
317 297
298 297
318 298
299 298
319 299
300 299
320 300
301 300
321 301
279 301
322 279
302 279
323 302
303 302
324 303
325 303
304 303
326 304
305 304
306 305
307 306
327 307
308 307
328 308
329 309
330 309
310 309
331 310
311 310
332 311
291 311
333 291
312 291
334 312
313 312
314 313
335 314
315 314
336 315
316 315
336 316
317 316
337 317
318 317
338 318
319 318
339 319
320 319
340 320
321 320
341 321
322 321
341 322
323 322
342 323
324 323
343 324
325 324
344 325
326 325
345 326
304 326
346 304
347 305
347 306
327 306
348 327
328 327
349 328
350 329
330 329
351 330
331 330
332 331
331 332
333 332
352 333
334 333
353 334
313 334
354 313
335 313
355 335
336 335
356 336
357 336
337 336
357 337
338 337
358 338
339 338
358 339
340 339
359 340
341 340
360 341
361 341
342 341
343 342
344 343
362 344
345 344
363 345
346 345
364 346
347 346
364 347
365 347
348 347
366 348
349 348
367 349
368 350
351 350
369 351
331 351
370 331
371 331
352 331
372 352
353 352
373 353
354 353
374 354
355 354
356 355
375 356
357 356
376 357
358 357
376 358
377 358
359 358
378 359
360 359
379 360
361 360
380 361
343 361
381 343
362 343
381 362
363 362
382 363
364 363
383 364
384 364
365 364
385 365
366 365
386 366
367 366
387 367
388 368
369 368
389 369
370 369
390 370
371 370
391 371
372 371
392 372
373 372
393 373
374 373
394 374
355 374
395 355
375 355
396 375
376 375
397 376
398 376
399 376
377 376
400 377
378 377
401 378
379 378
401 379
380 379
402 380
343 380
403 343
404 381
405 381
382 381
406 382
383 382
407 383
384 383
408 384
385 384
408 385
386 385
409 386
387 386
410 387
411 388
389 388
412 389
390 389
413 390
391 390
414 391
392 391
414 392
393 392
415 393
394 393
416 394
395 394
417 395
396 395
418 396
397 396
419 397
398 397
420 398
399 398
421 399
400 399
422 400
401 400
423 401
424 401
402 401
425 402
403 402
426 403
404 403
427 404
405 404
428 405
406 405
429 406
407 406
430 407
408 407
431 408
432 408
409 408
433 409
410 409
434 410
435 411
412 411
436 412
413 412
437 413
414 413
438 414
439 414
415 414
440 415
416 415
441 416
417 416
442 417
418 417
443 418
419 418
420 419
421 420
422 421
423 422
444 423
424 423
445 424
425 424
446 425
426 425
447 426
427 426
447 427
428 427
448 428
429 428
449 429
430 429
450 430
431 430
451 431
432 431
452 432
433 432
453 433
434 433
454 435
436 435
454 436
437 436
455 437
438 437
456 438
439 438
457 439
440 439
458 440
441 440
459 441
442 441
443 442
460 443
419 443
461 419
462 420
422 420
463 422
464 422
444 422
464 444
445 444
465 445
446 445
466 446
447 446
466 447
467 447
448 447
468 448
449 448
469 449
450 449
469 450
451 450
470 451
452 451
471 452
453 452
472 453
434 453
472 434
473 454
474 454
455 454
475 455
456 455
476 456
457 456
477 457
458 457
478 458
459 458
479 459
442 459
480 442
460 442
481 460
461 460
481 461
462 461
481 462
463 462
482 463
464 463
483 464
484 464
465 464
485 465
466 465
486 466
487 466
467 466
488 467
468 467
489 468
469 468
490 469
470 469
471 470
491 471
472 471
492 472
493 472
494 473
474 473
495 474
475 474
496 475
476 475
496 476
477 476
497 477
478 477
498 478
479 478
499 479
480 479
500 480
481 480
501 481
502 481
503 481
482 481
504 482
483 482
505 483
484 483
506 484
485 484
507 485
486 485
508 486
487 486
509 487
488 487
510 488
489 488
511 489
490 489
512 490
513 490
470 490
514 470
491 470
515 491
492 491
515 492
493 492
495 494
496 495
497 496
498 497
499 498
500 499
501 500
502 501
503 502
504 503
505 504
506 505
507 506
508 507
509 508
510 509
511 510
512 511
513 512
514 513
515 514
493 515
3 8 1 7 1 9 4 6 9 3 5 1 2 4 2 1 2 9 1 5 6 9 5 9 7 3 7 3 2 7 0 6 5 3 7 2 3 0 6 3 1 6 7 9 3 1 9 0 1 5 3 8 3 9 6 4 6 1 6 5 8 6 8 5 7 1 5 8 5 7 9 2 3 2 4 0 1 4 3 4 8 0 9 0 9 6 3 3 8 0 6 1 2 8 6 0 6 7 8 6 5 0 7 8 4 3 1 8 9 7 4 1 0 7 9 5 9 1 0 9 4 1 3 4 7 6 9 0 1 5 9 3 1 8 7 9 8 1 3 6 7 6 1 8 4 7 2 4 6 3 2 1 3 5 5 7 3 7 5 2 6 5 9 0 1 3 1 5 6 9 6 0 6 4 2 6 4 5 0 6 7 4 1 4 8 0 4 7 5 2 5 7 2 7 9 1 7 5 7 0 2 6 1 0 9 0 4 2 0 9 2 4 0 5 4 7 1 1 8 2 3 9 4 9 0 5 7 8 0 4 6 7 0 9 6 4 5 9 5 6 2 8 6 5 0 7 6 1 7 5 1 8 5 2 6 9 3 6 1 3 7 4 9 1 4 3 7 6 5 6 9 2 8 4 9 4 3 1 4 3 4 2 6 0 3 6 9 6 1 0 8 1 9 0 5 1 2 5 0 5 9 8 9 1 5 9 6 5 0 7 6 2 8 1 2 7 1 8 1 8 5 4 0 3 2 6 0 9 7 9 0 9 3 5 3 6 4 5 8 9 4 8 7 6 9 2 7 2 5 9 4 8 1 4 8 9 5 8 4 8 2 9 0 6 9 6 8 1 8 3 6 8 0 7 3 7 9 5 7 1 4 2 7 5 6 8 6 7 3 9 4 5 8 5 7 0 2 6 5 2 6 5 6 7 1 5 6 7 4 5 4 9 6 7 0 4 8 5 7 2 0 7 2 0 4 7 8 4 1 8 2 8 9 0 2 6 4 8 4 9 8 9 8 6 6 9 2 0 4 3 6 9 8 7 8 3 8 6 7 6 4 7 8 1 0 3 7 3 5 2 0 5 9 4 9 5 3 2 9 7 1 5 8 9 2 4 2 9 0 8 3 1 3 7 1 7 2 6 8 5 7 9 7 2 1 7 4 9 5 3 6 2 0 4 8 4