507 1059
22 0
1 0
23 1
2 1
24 2
3 2
25 3
4 3
25 4
5 4
26 5
6 5
27 6
7 6
28 7
8 7
29 8
30 8
9 8
31 9
10 9
32 10
11 10
33 11
12 11
34 12
13 12
14 13
35 14
15 14
36 15
16 15
37 16
17 16
38 17
18 17
39 18
19 18
40 19
20 19
41 20
21 20
42 21
43 22
23 22
44 23
24 23
45 24
25 24
46 25
47 25
26 25
47 26
27 26
48 27
28 27
49 28
29 28
50 29
30 29
51 30
31 30
32 31
52 32
33 32
53 33
34 33
54 34
13 34
55 13
35 13
14 35
56 14
36 14
57 36
37 36
58 37
38 37
59 38
39 38
60 39
40 39
61 40
41 40
42 41
62 42
63 43
44 43
64 44
45 44
64 45
24 45
65 24
46 24
47 46
66 47
48 47
66 48
49 48
50 49
67 50
51 50
68 51
31 51
69 31
52 31
70 52
53 52
71 53
54 53
72 54
55 54
73 55
35 55
74 35
56 35
75 56
57 56
76 57
58 57
76 58
59 58
77 59
60 59
78 60
61 60
41 61
79 41
62 41
80 62
81 63
64 63
82 64
65 64
83 65
46 65
84 46
85 47
86 66
87 66
49 66
88 49
67 49
89 67
68 67
90 68
69 68
91 69
70 69
71 70
92 71
72 71
93 72
73 72
94 73
74 73
95 74
75 74
96 75
76 75
96 76
97 76
77 76
98 77
78 77
99 78
61 78
100 61
79 61
101 79
80 79
102 80
103 81
82 81
104 82
105 82
83 82
84 83
106 84
85 84
107 85
86 85
108 86
87 86
109 87
88 87
110 88
89 88
111 89
90 89
112 90
91 90
113 91
70 91
114 70
92 70
115 92
93 92
116 93
94 93
117 94
95 94
117 95
96 95
118 96
97 96
119 97
98 97
99 98
100 99
101 100
120 101
102 101
121 102
104 103
105 104
122 105
83 105
123 83
106 83
124 106
107 106
125 107
108 107
126 108
109 108
127 109
110 109
128 110
111 110
129 111
112 111
130 112
113 112
131 113
114 113
132 114
115 114
133 115
116 115
134 116
117 116
135 117
136 117
96 117
137 96
138 118
119 118
139 119
98 119
140 98
100 98
141 100
142 100
120 100
143 120
121 120
144 121
145 103
146 104
122 104
147 122
123 122
148 123
124 123
125 124
149 125
126 125
150 126
127 126
128 127
151 128
129 128
152 129
130 129
153 130
131 130
154 131
132 131
155 132
133 132
156 133
134 133
157 134
135 134
158 135
136 135
158 136
137 136
159 137
138 137
160 138
139 138
161 139
140 139
162 140
141 140
163 141
142 141
164 142
143 142
144 143
165 144
166 145
146 145
167 146
147 146
168 147
148 147
169 148
124 148
170 124
149 124
171 149
150 149
172 150
127 150
173 127
151 127
173 151
152 151
174 152
153 152
175 153
154 153
176 154
155 154
177 155
156 155
178 156
157 156
179 157
158 157
180 158
159 158
160 159
181 160
161 160
182 161
162 161
183 162
163 162
184 163
164 163
185 164
143 164
186 143
165 143
187 165
167 166
188 167
168 167
189 168
169 168
170 169
190 170
171 170
190 171
172 171
191 172
173 172
192 173
193 173
174 173
194 174
175 174
195 175
176 175
196 176
177 176
197 177
178 177
198 178
179 178
199 179
180 179
200 180
159 180
200 159
181 159
182 181
201 182
183 182
202 183
184 183
203 184
185 184
204 185
186 185
204 186
187 186
205 187
206 166
188 166
207 188
189 188
208 189
169 189
209 169
190 169
210 190
211 190
191 190
212 191
192 191
213 192
193 192
214 193
194 193
214 194
195 194
196 195
215 196
197 196
216 197
198 197
216 198
199 198
217 199
200 199
218 200
219 200
220 200
181 200
221 181
201 181
222 201
202 201
223 202
203 202
224 203
204 203
225 204
205 204
226 205
227 206
207 206
227 207
208 207
228 208
209 208
229 209
210 209
230 210
211 210
231 211
212 211
231 212
213 212
232 213
214 213
233 214
195 214
234 195
215 195
235 215
216 215
236 216
217 216
237 217
218 217
237 218
219 218
237 219
220 219
238 220
221 220
222 221
223 222
239 223
224 223
240 224
204 224
241 204
242 225
226 225
243 226
244 227
245 227
228 227
246 228
229 228
247 229
230 229
248 230
231 230
249 231
232 231
250 232
233 232
251 233
252 233
234 233
253 234
235 234
254 235
216 235
255 216
255 236
237 236
256 237
257 237
258 237
238 237
259 238
222 238
260 222
239 222
261 239
240 239
262 240
241 240
242 241
243 242
263 243
264 244
245 244
265 245
246 245
266 246
247 246
267 247
248 247
268 248
249 248
269 249
250 249
270 250
251 250
271 251
252 251
272 252
253 252
273 253
254 253
274 254
255 254
275 255
276 255
256 255
277 256
257 256
278 257
258 257
279 258
259 258
280 259
260 259
281 260
222 260
282 222
261 222
283 261
262 261
284 262
241 262
285 242
263 242
286 263
287 264
265 264
266 265
288 266
267 266
289 267
268 267
290 268
269 268
291 269
249 269
292 249
270 249
293 270
271 270
294 271
272 271
295 272
273 272
296 273
274 273
296 274
275 274
297 275
276 275
297 276
277 276
298 277
278 277
299 278
279 278
299 279
280 279
281 280
300 281
282 281
301 282
283 282
302 283
284 283
303 284
241 284
303 241
285 241
303 285
286 285
304 287
265 287
305 265
288 265
306 288
289 288
290 289
307 290
291 290
308 291
292 291
309 292
293 292
310 293
294 293
311 294
295 294
312 295
296 295
313 296
314 296
297 296
315 297
316 297
298 297
317 298
299 298
318 299
319 299
280 299
320 280
300 280
321 300
301 300
322 301
302 301
323 302
303 302
324 303
325 303
326 303
286 303
327 286
328 304
305 304
328 305
306 305
329 306
289 306
330 289
307 289
331 307
308 307
332 308
309 308
333 309
310 309
334 310
311 310
335 311
312 311
336 312
313 312
337 313
314 313
338 314
315 314
339 315
316 315
340 316
317 316
318 317
341 318
319 318
342 319
320 319
343 320
321 320
344 321
322 321
345 322
323 322
346 323
324 323
346 324
325 324
326 325
347 326
327 326
348 328
349 328
329 328
349 329
330 329
350 330
331 330
350 331
332 331
351 332
333 332
334 333
352 334
335 334
353 335
336 335
337 336
354 337
338 337
355 338
339 338
356 339
340 339
356 340
317 340
357 317
341 317
358 341
342 341
359 342
343 342
360 343
344 343
345 344
361 345
346 345
362 346
363 346
325 346
364 325
347 325
365 347
327 347
365 327
366 348
349 348
367 349
350 349
368 350
369 350
351 350
370 351
333 351
371 333
352 333
372 352
353 352
373 353
336 353
354 336
374 354
355 354
375 355
356 355
376 356
377 356
357 356
378 357
358 357
379 358
359 358
380 359
360 359
344 360
361 344
344 361
362 361
381 362
363 362
382 363
364 363
383 364
365 364
384 365
385 365
386 366
367 366
387 367
349 367
388 349
368 349
389 368
369 368
390 369
370 369
391 370
371 370
392 371
372 371
373 372
372 373
336 373
393 336
374 336
394 374
375 374
395 375
376 375
395 376
377 376
396 377
378 377
397 378
379 378
398 379
380 379
360 380
399 360
399 344
400 344
381 344
382 381
401 382
383 382
402 383
384 383
403 384
385 384
404 385
387 386
388 387
405 388
389 388
406 389
390 389
406 390
391 390
407 391
392 391
408 392
372 392
409 372
410 372
393 372
411 393
394 393
412 394
395 394
413 395
414 395
396 395
415 396
397 396
416 397
398 397
380 398
399 380
417 399
400 399
381 400
418 381
401 381
419 401
402 401
420 402
403 402
421 403
404 403
422 404
423 387
405 387
424 405
406 405
425 406
426 406
407 406
427 407
408 407
428 408
409 408
429 409
410 409
430 410
411 410
431 411
412 411
432 412
413 412
433 413
414 413
434 414
415 414
434 415
416 415
435 416
380 416
436 380
437 380
438 399
439 417
400 417
440 400
418 400
441 418
419 418
442 419
420 419
443 420
421 420
443 421
422 421
444 422
445 387
446 423
424 423
447 424
425 424
448 425
426 425
449 426
427 426
450 427
428 427
451 428
429 428
430 429
452 430
431 430
453 431
432 431
454 432
433 432
434 433
433 434
435 434
455 435
436 435
456 436
437 436
457 437
438 437
457 438
439 438
458 439
440 439
441 440
442 441
441 442
443 442
459 443
460 443
444 443
460 444
461 445
446 445
462 446
447 446
463 447
448 447
464 448
449 448
465 449
450 449
466 450
451 450
467 451
429 451
468 429
452 429
469 452
453 452
470 453
454 453
471 454
433 454
472 433
473 433
474 434
455 434
475 455
456 455
476 456
457 456
477 457
478 457
458 457
479 458
441 458
480 441
481 441
459 441
482 459
460 459
483 460
484 460
485 461
462 461
486 462
463 462
464 463
487 464
465 464
488 465
466 465
488 466
467 466
489 467
468 467
490 468
469 468
491 469
470 469
492 470
471 470
492 471
472 471
493 472
473 472
494 473
474 473
495 474
475 474
496 475
476 475
497 476
477 476
498 477
478 477
499 478
479 478
500 479
480 479
501 480
481 480
502 481
441 481
503 441
482 441
504 482
483 482
505 483
484 483
506 484
486 485
463 486
487 463
488 487
489 488
490 489
491 490
492 491
493 492
494 493
495 494
496 495
497 496
498 497
499 498
500 499
501 500
502 501
503 502
504 503
505 504
506 505
2 3 5 6 9 4 3 5 1 2 9 4 9 8 9 2 5 0 8 2 5 7 4 7 8 4 8 7 6 9 3 1 2 8 6 5 1 7 1 0 5 7 3 6 2 0 5 2 4 3 8 2 8 5 8 1 3 7 0 6 7 2 0 1 6 3 5 1 0 5 6 7 0 2 3 0 1 8 4 8 4 9 8 6 3 8 6 0 9 0 5 3 4 5 9 4 3 5 6 8 7 9 5 4 1 3 1 0 5 2 6 5 7 4 8 1 4 2 9 8 4 1 6 3 0 9 4 1 3 6 2 1 5 7 0 4 1 5 1 9 1 2 5 7 0 1 7 5 6 5 7 6 4 7 4 6 1 3 9 8 0 6 0 5 1 8 5 8 2 0 9 7 1 4 5 0 7 4 0 5 7 9 0 2 9 6 9 6 4 1 4 7 1 2 9 1 3 7 4 1 4 7 0 7 0 2 9 3 6 4 9 6 8 2 3 2 1 3 9 2 8 6 2 8 6 3 4 4 2 8 1 5 7 2 8 5 0 1 5 4 7 8 6 8 0 6 7 4 6 2 1 9 7 0 4 2 9 7 2 7 9 8 0 7 4 7 6 3 4 1 7 8 2 9 8 1 0 7 8 7 0 3 7 6 4 3 2 2 9 1 5 0 9 6 9 6 0 8 0 1 6 5 3 7 9 2 7 4 6 4 3 4 5 1 6 0 2 9 7 0 4 2 9 7 6 9 3 5 4 5 6 3 4 5 8 1 7 6 5 7 8 6 8 3 8 3 8 4 2 8 7 8 4 5 4 1 5 8 9 6 0 0 9 3 6 7 3 4 2 3 0 1 0 9 9 4 3 9 4 6 5 1 7 3 4 2 5 8 9 6 8 2 8 3 0 8 0 5 0 2 0 0 9 0 3 2 9 4 2 3 6 4 3 4 1 7 9 7 4 9 1 8 0 6 5 3 4 8 4 5 7 5 9 1 8 1 6 1 6 0 4 1 0 6 9 7 0 8 0 6 7 9 0 8 2 9 8 7 3 7 2 0 5 4 1 2 1 8 2 1 4 7 9 4 6 8 3 4 6 1 9 7 6 7 1 6 3 0 7 1 7 4 8 0 7 1 5 7 2 4 8 5 8 9 8 0 6