500 1050
22 0
1 0
23 1
2 1
24 2
3 2
25 3
4 3
5 4
26 5
6 5
27 6
7 6
28 7
8 7
29 8
9 8
30 9
31 9
10 9
32 10
11 10
33 11
12 11
34 12
13 12
35 13
36 13
14 13
37 14
15 14
38 15
16 15
39 16
17 16
40 17
18 17
41 18
19 18
20 19
21 20
42 21
43 22
23 22
24 23
44 24
25 24
45 25
4 25
46 4
26 4
46 26
5 26
47 5
27 5
48 27
28 27
49 28
29 28
49 29
30 29
50 30
31 30
51 31
32 31
52 32
33 32
53 33
34 33
54 34
35 34
54 35
36 35
55 36
37 36
56 37
38 37
57 38
39 38
58 39
40 39
59 40
41 40
59 41
20 41
60 20
61 20
42 20
62 42
63 43
23 43
64 23
44 23
65 44
45 44
66 45
46 45
67 46
68 46
47 46
69 47
48 47
70 48
49 48
71 49
72 49
50 49
73 50
51 50
74 51
52 51
75 52
53 52
76 53
54 53
77 54
78 54
55 54
79 55
56 55
80 56
57 56
81 57
58 57
82 58
59 58
83 59
84 59
60 59
84 60
61 60
85 61
62 61
86 62
87 63
64 63
65 64
64 65
66 65
88 66
67 66
89 67
68 67
90 68
69 68
91 69
70 69
71 70
92 71
72 71
93 72
73 72
94 73
74 73
95 74
75 74
96 75
76 75
97 76
77 76
98 77
78 77
79 78
99 79
80 79
100 80
81 80
101 81
82 81
102 82
83 82
103 83
84 83
104 84
105 84
85 84
106 85
86 85
107 86
108 87
64 87
109 64
110 64
88 64
111 88
89 88
112 89
90 89
113 90
91 90
114 91
70 91
115 70
92 70
116 92
93 92
117 93
94 93
118 94
95 94
119 95
96 95
120 96
97 96
121 97
98 97
122 98
78 98
123 78
99 78
124 99
100 99
125 100
101 100
126 101
102 101
126 102
103 102
127 103
104 103
128 104
105 104
129 105
106 105
130 106
107 106
131 107
132 108
109 108
133 109
110 109
134 110
111 110
112 111
135 112
113 112
136 113
114 113
137 114
115 114
138 115
116 115
139 116
117 116
140 117
118 117
141 118
119 118
142 119
120 119
143 120
121 120
144 121
122 121
123 122
145 123
124 123
146 124
125 124
146 125
126 125
147 126
127 126
148 127
128 127
149 128
129 128
150 129
130 129
151 130
131 130
152 131
133 132
134 133
153 134
111 134
154 111
135 111
154 135
136 135
155 136
137 136
156 137
138 137
139 138
138 139
140 139
157 140
141 140
158 141
142 141
159 142
143 142
160 143
144 143
161 144
122 144
162 122
145 122
162 145
146 145
163 146
164 146
147 146
164 147
165 147
148 147
166 148
149 148
167 149
150 149
168 150
151 150
169 151
152 151
170 152
153 133
154 153
171 154
172 154
155 154
173 155
156 155
174 156
138 156
175 138
176 138
157 138
177 157
158 157
178 158
159 158
179 159
160 159
180 160
161 160
181 161
162 161
181 162
182 162
163 162
182 163
164 163
183 164
184 164
165 164
185 165
166 165
186 166
167 166
187 167
168 167
188 168
169 168
189 169
170 169
190 170
191 133
192 133
193 153
171 153
194 171
172 171
173 172
174 173
195 174
175 174
196 175
176 175
197 176
177 176
198 177
178 177
199 178
179 178
199 179
180 179
200 180
181 180
201 181
202 181
182 181
203 182
183 182
204 183
184 183
205 184
185 184
206 185
186 185
207 186
187 186
208 187
188 187
209 188
189 188
210 189
190 189
211 190
212 191
192 191
193 192
213 193
194 193
214 194
173 194
215 173
216 173
195 173
196 195
197 196
217 197
198 197
218 198
199 198
219 199
220 199
200 199
221 200
201 200
222 201
202 201
223 202
182 202
224 182
225 203
204 203
226 204
205 204
227 205
206 205
207 206
228 207
208 207
229 208
209 208
230 209
210 209
231 210
211 210
232 211
233 212
192 212
234 192
213 192
235 213
214 213
236 214
215 214
237 215
216 215
238 216
195 216
239 195
240 196
217 196
241 217
218 217
242 218
219 218
220 219
219 220
221 220
243 221
222 221
244 222
223 222
245 223
224 223
246 224
225 224
246 225
226 225
247 226
227 226
248 227
206 227
249 206
228 206
249 228
229 228
250 229
230 229
251 230
231 230
232 231
252 232
253 233
234 233
235 234
236 235
254 236
237 236
255 237
238 237
256 238
239 238
256 239
240 239
241 240
240 241
242 241
257 242
219 242
258 219
259 219
243 219
260 243
244 243
261 244
245 244
262 245
246 245
263 246
264 246
247 246
264 247
248 247
265 248
249 248
266 249
267 249
250 249
268 250
251 250
269 251
231 251
252 231
270 252
271 253
234 253
272 234
273 235
254 235
274 254
255 254
256 255
275 256
276 256
240 256
277 240
278 240
257 240
258 257
279 258
259 258
279 259
260 259
261 260
280 261
262 261
263 262
281 263
264 263
282 264
265 264
283 265
266 265
284 266
267 266
268 267
285 268
269 268
286 269
231 269
287 231
270 231
287 270
288 271
272 271
289 272
273 272
290 273
274 273
290 274
255 274
290 255
275 255
290 275
276 275
291 276
277 276
292 277
278 277
257 278
293 257
279 257
293 279
294 279
260 279
295 260
280 260
296 280
262 280
297 262
281 262
298 281
282 281
299 282
283 282
300 283
284 283
301 284
267 284
302 267
285 267
303 285
286 285
304 286
287 286
305 287
306 287
307 288
289 288
308 289
290 289
308 290
309 290
310 290
311 290
291 290
312 291
292 291
313 292
278 292
314 278
293 278
315 293
294 293
295 294
316 295
296 295
317 296
297 296
318 297
298 297
319 298
282 298
319 282
319 299
300 299
320 300
301 300
321 301
302 301
322 302
303 302
323 303
304 303
324 304
305 304
325 305
306 305
326 306
327 307
308 307
328 308
329 308
309 308
330 309
310 309
331 310
311 310
331 311
312 311
332 312
313 312
333 313
314 313
334 314
315 314
335 315
293 315
336 293
337 294
316 294
338 316
317 316
339 317
318 317
340 318
319 318
341 319
342 319
320 319
343 320
321 320
344 321
322 321
345 322
323 322
346 323
324 323
347 324
325 324
347 325
326 325
328 327
348 328
329 328
349 329
330 329
350 330
331 330
351 331
332 331
351 332
333 332
334 333
352 334
335 334
353 335
336 335
353 336
337 336
354 337
338 337
355 338
339 338
356 339
340 339
357 340
341 340
358 341
319 341
359 319
343 342
344 343
343 344
345 344
360 345
346 345
361 346
347 346
362 347
363 347
326 347
364 326
365 327
348 327
366 348
349 348
350 349
349 350
331 350
367 331
368 351
369 351
333 351
370 333
352 333
371 352
353 352
372 353
354 353
373 354
355 354
374 355
356 355
375 356
357 356
376 357
358 357
359 358
342 359
377 342
378 343
379 343
360 343
380 360
361 360
362 361
381 362
363 362
382 363
364 363
383 364
366 365
384 366
349 366
385 349
386 349
367 349
386 367
368 367
387 368
369 368
388 369
370 369
389 370
371 370
390 371
372 371
391 372
373 372
392 373
374 373
393 374
375 374
394 375
376 375
395 376
359 376
396 359
377 359
378 377
397 378
379 378
398 379
380 379
399 380
361 380
399 361
381 361
400 381
382 381
400 382
383 382
401 383
384 365
402 384
385 384
403 385
386 385
404 386
405 386
387 386
388 387
406 388
389 388
407 389
390 389
407 390
372 390
407 372
408 391
392 391
408 392
393 392
409 393
394 393
395 394
410 395
359 395
411 359
412 396
377 396
413 377
397 377
414 397
398 397
399 398
415 399
400 399
416 400
417 400
401 400
418 401
419 365
402 365
420 402
403 402
421 403
404 403
422 404
405 404
423 405
387 405
424 387
406 387
425 406
407 406
426 407
427 407
408 407
428 408
429 408
409 408
430 409
394 409
431 394
410 394
432 410
411 410
433 411
412 411
434 412
413 412
435 413
414 413
436 414
399 414
437 399
438 399
438 415
416 415
417 416
439 417
418 417
440 418
441 419
420 419
442 420
421 420
443 421
422 421
444 422
423 422
445 423
424 423
446 424
425 424
447 425
407 425
427 426
448 427
428 427
449 428
429 428
450 429
430 429
451 430
431 430
452 431
432 431
453 432
433 432
453 433
434 433
454 434
435 434
455 435
436 435
456 436
437 436
457 437
438 437
458 438
459 438
416 438
460 416
439 416
461 439
440 439
462 440
442 441
441 442
443 442
463 443
444 443
464 444
445 444
465 445
446 445
466 446
447 446
467 447
426 447
468 426
469 426
448 426
449 448
470 449
450 449
471 450
451 450
472 451
452 451
473 452
453 452
474 453
454 453
474 454
455 454
475 455
456 455
476 456
457 456
458 457
477 458
459 458
477 459
460 459
478 460
461 460
462 461
479 462
480 441
481 441
463 441
482 463
464 463
483 464
465 464
484 465
466 465
485 466
467 466
486 467
468 467
487 468
469 468
488 469
448 469
489 448
470 448
489 470
471 470
489 471
472 471
473 472
490 473
474 473
491 474
492 474
493 474
475 474
494 475
476 475
495 476
457 476
496 457
477 457
496 477
478 477
497 478
461 478
498 461
479 461
499 479
481 480
482 481
483 482
484 483
485 484
486 485
487 486
488 487
489 488
472 489
490 472
491 490
492 491
493 492
494 493
495 494
496 495
497 496
498 497
499 498
8 2 4 3 4 0 4 3 7 5 9 1 9 8 2 6 1 9 0 2 3 6 9 7 5 6 5 2 1 8 2 1 6 3 2 3 1 5 3 2 5 1 8 0 1 2 7 8 5 2 6 5 2 4 1 5 7 5 1 7 4 0 4 8 4 2 7 6 2 4 1 8 7 4 1 5 3 9 3 9 0 9 3 5 1 4 2 2 2 0 5 8 2 4 9 6 7 9 4 4 2 5 8 4 8 7 2 9 4 3 1 5 1 7 3 0 6 7 6 4 0 7 9 6 3 8 1 8 2 8 0 5 5 2 9 2 6 2 7 8 4 2 0 9 5 1 9 4 7 8 3 1 0 6 1 0 9 1 4 9 6 8 0 8 6 2 6 7 0 5 2 7 3 7 8 6 1 7 9 5 8 2 3 8 9 4 0 8 4 7 8 9 7 2 5 6 2 6 5 7 3 6 9 8 9 6 3 4 5 2 9 1 2 1 4 1 2 1 3 1 4 6 3 5 7 4 0 7 0 2 0 8 6 4 1 5 6 9 1 3 1 6 5 7 2 1 0 7 8 7 0 9 1 6 9 3 2 8 9 6 9 6 2 4 8 6 0 4 3 4 0 9 3 2 6 0 5 3 5 7 0 6 3 2 3 9 5 9 2 0 8 7 1 6 3 0 7 5 4 4 6 9 5 6 3 6 4 5 6 9 6 0 5 4 3 4 4 3 0 2 5 8 3 5 6 0 8 4 3 7 0 1 6 1 7 0 3 7 2 6 1 0 8 3 9 4 8 9 9 1 4 8 2 4 5 6 7 5 6 1 6 5 7 4 2 1 6 5 9 6 2 6 5 3 7 2 9 7 0 9 7 4 8 0 4 9 4 8 3 5 1 9 5 6 3 4 2 2 5 0 7 8 9 2 5 6 9 3 1 0 2 3 9 1 5 8 9 6 5 8 5 7 2 1 4 1 0 6 9 8 7 0 9 1 7 6 4 6 5 3 9 0 1 5 3 4 5 3 3 8 6 5 3 0 9 3 5 2 8 9 3 7 5 6 4 7 1 7 4 2 2 5 0 6 4 9 6 7 5 6 7 3 9 7 8 5 1 2 0 8 7 5 9 6 5 9 4 1 0 3