182 371
15 0
1 0
16 1
2 1
17 2
3 2
18 3
4 3
19 4
5 4
19 5
6 5
20 6
7 6
21 7
8 7
22 8
9 8
23 9
10 9
24 10
11 10
25 11
12 11
26 12
13 12
27 13
14 13
28 14
29 15
16 15
17 16
30 17
18 17
31 18
19 18
32 19
33 19
20 19
34 20
21 20
35 21
22 21
36 22
23 22
36 23
24 23
25 24
37 25
26 25
38 26
27 26
38 27
28 27
16 29
29 16
30 16
39 30
31 30
40 31
32 31
41 32
33 32
42 33
34 33
43 34
35 34
44 35
36 35
45 36
46 36
24 36
47 24
37 24
48 37
38 37
49 38
50 38
28 38
51 28
52 29
53 29
39 29
53 39
40 39
54 40
41 40
55 41
42 41
56 42
43 42
57 43
44 43
58 44
45 44
59 45
46 45
59 46
47 46
60 47
48 47
49 48
61 49
50 49
62 50
51 50
63 51
64 52
53 52
64 53
65 53
54 53
66 54
55 54
67 55
56 55
68 56
57 56
68 57
58 57
69 58
59 58
70 59
71 59
60 59
72 60
48 60
73 48
61 48
74 61
62 61
63 62
75 63
76 64
77 64
65 64
66 65
67 66
78 67
68 67
79 68
80 68
69 68
81 69
70 69
82 70
71 70
83 71
72 71
84 72
73 72
85 73
74 73
86 74
62 74
87 62
75 62
87 75
88 76
77 76
89 77
65 77
90 66
78 66
91 78
79 78
92 79
80 79
93 80
81 80
94 81
82 81
95 82
83 82
95 83
84 83
96 84
85 84
97 85
86 85
98 86
87 86
99 87
100 87
89 88
101 89
65 89
102 65
90 65
103 90
91 90
104 91
92 91
105 92
93 92
106 93
94 93
107 94
95 94
107 95
96 95
107 96
97 96
108 97
98 97
109 98
99 98
110 99
100 99
111 100
112 88
101 88
113 101
102 101
114 102
103 102
104 103
115 104
105 104
116 105
106 105
117 106
107 106
117 107
118 107
119 107
108 107
120 108
109 108
120 109
110 109
121 110
111 110
122 112
113 112
114 113
123 114
103 114
124 103
115 103
125 115
116 115
126 116
117 116
127 117
128 117
118 117
129 118
107 118
129 107
130 119
120 119
131 120
121 120
132 121
111 121
133 111
134 122
113 122
135 113
123 113
136 123
124 123
137 124
125 124
126 125
138 126
127 126
128 127
139 128
129 128
139 129
140 129
130 129
131 130
141 131
142 131
132 131
143 132
133 132
144 133
145 134
135 134
146 135
136 135
147 136
137 136
148 137
125 137
149 125
138 125
150 138
127 138
151 127
139 127
152 139
153 139
140 139
154 140
130 140
141 130
155 141
142 141
143 142
144 143
156 144
157 145
146 145
158 146
147 146
148 147
147 148
149 148
159 149
150 149
160 150
151 150
161 151
152 151
162 152
153 152
163 153
154 153
164 154
130 154
164 130
155 130
165 155
142 155
166 142
167 143
156 143
168 156
169 157
158 157
147 158
170 147
159 147
171 159
160 159
172 160
161 160
173 161
162 161
174 162
163 162
175 163
164 163
176 164
177 164
165 164
178 165
166 165
179 166
167 166
180 167
168 167
181 168
158 169
170 158
171 170
172 171
173 172
174 173
175 174
176 175
177 176
178 177
179 178
180 179
181 180
2 6 1 0 8 5 0 7 9 0 7 0 3 4 0 5 3 5 3 2 3 6 4 5 6 9 2 1 5 1 6 1 7 6 2 4 2 1 3 4 2 0 4 7 9 6 4 3 5 4 6 8 7 9 4 2 0 5 2 8 2 6 1 4 5 7 2 7 1 7 5 2 3 1 9 8 9 8 9 4 5 9 3 1 9 2 8 6 4 2 9 3 0 1 5 8 1 4 9 2 7 0 3 0 7 4 5 2 6 7 9 6 8 9 4 3 1 0 3 3 5 1 4 3 2 0 5 1 2 6 0 2 0 4 2 0 7 8 4 7 8 4 8 4 7 8 9 4 2 1 7 2 8 3 1 1 9 5 2 8 6 0 1 9 5 3 4 0 8 7 3 7 1 4 5 0 9 1 4 8 5 9