182 371
14 0
1 0
14 1
2 1
15 2
3 2
4 3
16 4
5 4
6 5
17 6
7 6
18 7
8 7
19 8
9 8
20 9
10 9
21 10
11 10
12 11
22 12
13 12
23 13
24 14
15 14
25 15
3 15
26 3
16 3
27 16
5 16
28 5
17 5
29 17
18 17
30 18
19 18
31 19
20 19
32 20
21 20
33 21
11 21
34 11
22 11
35 22
12 22
23 12
36 23
37 24
14 24
38 14
25 14
39 25
26 25
40 26
27 26
41 27
28 27
42 28
29 28
43 29
30 29
43 30
31 30
44 31
32 31
45 32
33 32
46 33
34 33
47 34
35 34
48 35
12 35
49 12
36 12
49 36
50 37
38 37
51 38
39 38
52 39
40 39
53 40
41 40
53 41
42 41
53 42
43 42
54 43
55 43
44 43
55 44
45 44
46 45
47 46
56 47
48 47
57 48
49 48
58 49
59 50
51 50
60 51
52 51
61 52
53 52
62 53
63 53
64 53
54 53
64 54
55 54
65 55
66 55
45 55
67 45
68 46
56 46
69 56
57 56
70 57
58 57
71 58
72 58
73 59
60 59
74 60
61 60
62 61
75 62
63 62
76 63
64 63
77 64
78 64
65 64
66 65
79 66
67 66
80 67
68 67
81 68
69 68
82 69
70 69
83 70
71 70
84 71
72 71
85 72
86 73
74 73
86 74
61 74
87 61
75 61
88 75
76 75
89 76
77 76
89 77
78 77
90 78
65 78
91 65
79 65
92 79
80 79
93 80
81 80
94 81
82 81
95 82
83 82
96 83
84 83
97 84
85 84
98 85
99 86
100 86
87 86
88 87
101 88
89 88
102 89
90 89
103 90
91 90
104 91
92 91
93 92
105 93
94 93
106 94
95 94
107 95
96 95
108 96
97 96
109 97
98 97
110 98
111 99
100 99
87 100
101 87
112 101
102 101
113 102
114 102
103 102
115 103
104 103
116 104
92 104
117 92
105 92
118 105
106 105
119 106
107 106
120 107
108 107
121 108
109 108
122 109
110 109
123 110
124 111
100 111
125 100
126 87
112 87
127 112
113 112
128 113
114 113
129 114
115 114
130 115
116 115
117 116
131 117
118 117
119 118
132 119
120 119
133 120
121 120
134 121
122 121
135 122
123 122
136 123
137 124
125 124
138 125
126 125
139 126
127 126
139 127
128 127
139 128
129 128
140 129
130 129
141 130
116 130
142 116
131 116
118 131
143 118
132 118
144 132
133 132
134 133
145 134
135 134
146 135
136 135
147 136
148 137
138 137
149 138
139 138
150 139
151 139
140 139
141 140
142 141
152 142
131 142
143 131
153 143
144 143
133 144
154 133
145 133
155 145
146 145
147 146
156 147
149 148
157 149
150 149
158 150
151 150
159 151
140 151
160 140
161 141
152 141
162 152
131 152
153 131
163 153
144 153
164 144
154 144
155 154
165 155
146 155
166 146
156 146
167 156
168 148
157 148
169 157
158 157
170 158
159 158
171 159
160 159
172 160
140 160
173 140
161 140
174 161
162 161
175 162
131 162
176 131
163 131
177 163
164 163
178 164
154 164
179 154
165 154
166 165
180 166
167 166
181 167
169 168
170 169
171 170
172 171
173 172
174 173
175 174
176 175
177 176
178 177
179 178
165 179
180 165
181 180
8 2 9 5 6 3 8 7 3 9 7 2 4 7 4 8 0 6 5 9 5 3 1 8 1 1 9 5 7 2 9 5 3 2 6 8 3 7 2 4 0 7 6 1 4 0 7 4 1 0 2 5 8 3 7 8 3 5 8 4 9 2 6 1 8 3 4 7 9 2 3 9 5 2 7 1 5 9 0 2 3 8 0 2 6 1 0 3 2 3 1 5 0 1 0 7 5 8 9 8 1 1 2 0 2 6 2 0 6 7 6 0 8 9 8 9 3 7 0 4 6 8 5 3 2 3 6 5 0 3 5 9 2 0 7 8 5 4 2 4 9 3 0 8 1 5 7 9 1 3 2 0 6 6 7 2 2 8 1 2 8 1 0 2 4 4 8 5 9 2 8 9 6 2 6 3 1 7 1 2 0 4