187 376
14 0
1 0
2 1
15 2
3 2
15 3
4 3
16 4
5 4
17 5
6 5
18 6
7 6
8 7
19 8
9 8
20 9
21 9
10 9
22 10
11 10
12 11
23 12
13 12
24 13
25 14
1 14
26 1
15 1
27 15
28 15
16 15
29 16
17 16
18 17
30 18
7 18
31 7
19 7
32 19
20 19
33 20
21 20
34 21
22 21
35 22
11 22
35 11
23 11
36 23
24 23
37 24
38 25
26 25
39 26
27 26
40 27
28 27
41 28
29 28
42 29
17 29
43 17
30 17
44 30
31 30
45 31
32 31
46 32
33 32
46 33
34 33
47 34
35 34
47 35
36 35
48 36
37 36
49 37
50 38
39 38
51 39
40 39
52 40
41 40
53 41
42 41
54 42
43 42
55 43
44 43
56 44
45 44
57 45
46 45
58 46
59 46
47 46
60 47
61 47
35 47
61 35
48 35
62 48
49 48
63 49
64 50
51 50
64 51
52 51
53 52
65 53
54 53
66 54
55 54
67 55
56 55
68 56
57 56
69 57
58 57
69 58
59 58
70 59
60 59
71 60
61 60
72 61
73 61
62 61
74 62
63 62
75 63
76 64
77 64
52 64
78 52
65 52
78 65
66 65
79 66
67 66
80 67
68 67
80 68
69 68
81 69
82 69
70 69
83 70
71 70
84 71
72 71
85 72
73 72
86 73
74 73
87 74
75 74
88 75
89 76
77 76
90 77
78 77
91 78
79 78
92 79
80 79
93 80
94 80
81 80
95 81
82 81
96 82
83 82
97 83
84 83
98 84
85 84
99 85
86 85
100 86
87 86
101 87
88 87
102 88
103 89
90 89
104 90
91 90
105 91
78 91
106 78
92 78
107 92
93 92
108 93
94 93
109 94
95 94
110 95
96 95
111 96
97 96
111 97
98 97
112 98
99 98
112 99
100 99
112 100
101 100
113 101
102 101
114 102
115 103
104 103
116 104
105 104
117 105
106 105
118 106
107 106
119 107
108 107
120 108
109 108
121 109
110 109
122 110
111 110
123 111
124 111
112 111
125 112
126 112
113 112
127 113
114 113
128 114
129 115
116 115
130 116
117 116
131 117
118 117
132 118
119 118
133 119
120 119
121 120
134 121
122 121
135 122
123 122
136 123
124 123
137 124
125 124
138 125
112 125
138 112
138 126
127 126
139 127
128 127
140 128
141 129
130 129
142 130
131 130
142 131
132 131
143 132
133 132
120 133
144 120
134 120
145 134
135 134
146 135
136 135
147 136
137 136
148 137
138 137
149 138
150 138
139 138
151 139
140 139
151 140
152 141
142 141
153 142
143 142
154 143
133 143
155 133
144 133
156 144
145 144
157 145
146 145
158 146
147 146
159 147
148 147
160 148
149 148
161 149
138 149
162 138
151 150
163 151
164 152
153 152
165 153
154 153
166 154
155 154
167 155
156 155
168 156
157 156
169 157
158 157
170 158
159 158
171 159
160 159
171 160
161 160
162 161
172 162
151 162
173 151
174 151
175 164
165 164
176 165
153 165
166 153
167 166
177 167
168 167
178 168
169 168
179 169
170 169
180 170
171 170
181 171
182 171
161 171
183 161
172 161
184 172
173 172
184 173
174 173
185 174
163 174
186 163
176 175
153 176
177 166
178 177
179 178
180 179
181 180
182 181
183 182
184 183
185 184
186 185
0 3 9 8 3 0 4 0 4 6 5 4 0 4 8 2 8 5 3 1 4 5 2 2 3 1 6 1 9 4 4 7 5 1 4 3 0 7 3 9 5 1 8 2 9 0 4 0 7 1 0 1 8 6 9 6 4 7 2 7 1 8 6 3 9 5 1 0 9 0 2 4 0 2 1 0 0 8 3 8 6 4 2 8 0 3 6 2 4 5 6 2 6 4 3 6 9 2 9 2 0 4 9 8 1 6 8 1 5 6 3 0 5 2 0 0 3 5 9 8 0 4 9 7 9 6 0 3 1 9 2 9 8 6 7 2 9 6 8 5 0 0 1 7 1 6 3 4 0 2 5 4 8 2 0 2 7 9 2 6 8 6 2 5 6 7 9 7 0 3 8 2 3 1 7 0 1 5 6 1 9 7 9 0 8 2 6