177 365
13 0
1 0
14 1
2 1
14 2
3 2
15 3
4 3
16 4
17 4
5 4
6 5
18 6
7 6
19 7
20 7
8 7
21 8
9 8
22 9
10 9
23 10
11 10
24 11
12 11
25 12
14 13
26 14
27 14
15 14
16 15
17 16
28 17
5 17
29 5
18 5
30 18
19 18
31 19
20 19
31 20
21 20
32 21
22 21
33 22
23 22
24 23
25 24
34 25
35 13
26 13
36 26
27 26
37 27
15 27
38 15
28 16
39 28
29 28
40 29
30 29
41 30
31 30
42 31
43 31
32 31
44 32
33 32
45 33
24 33
46 24
47 24
34 24
48 34
49 35
36 35
49 36
37 36
50 37
38 37
51 38
16 38
52 16
39 16
53 39
40 39
54 40
41 40
55 41
42 41
56 42
43 42
57 43
44 43
58 44
45 44
59 45
46 45
47 46
60 47
48 47
61 48
62 49
50 49
49 50
51 50
63 51
52 51
64 52
53 52
54 53
65 54
55 54
66 55
56 55
67 56
57 56
68 57
58 57
69 58
59 58
70 59
46 59
71 46
60 46
72 60
61 60
73 61
74 62
49 62
74 49
75 49
63 49
64 63
76 64
53 64
77 53
65 53
78 65
66 65
79 66
67 66
80 67
68 67
81 68
69 68
82 69
70 69
83 70
71 70
84 71
72 71
85 72
73 72
86 74
75 74
87 75
63 75
88 63
76 63
89 76
77 76
90 77
78 77
91 78
79 78
92 79
80 79
93 80
81 80
94 81
82 81
95 82
83 82
96 83
84 83
97 84
85 84
73 85
98 73
99 86
74 86
87 74
100 87
88 87
101 88
89 88
102 89
90 89
103 90
91 90
104 91
92 91
105 92
93 92
94 93
106 94
95 94
106 95
96 95
107 96
97 96
108 97
85 97
109 85
98 85
110 98
111 99
74 99
112 74
100 74
101 100
113 101
102 101
114 102
103 102
115 103
104 103
116 104
105 104
116 105
93 105
117 93
106 93
117 106
107 106
118 107
108 107
119 108
109 108
120 109
110 109
121 111
112 111
122 112
100 112
123 100
113 100
124 113
114 113
115 114
125 115
116 115
126 116
127 116
117 116
128 117
129 117
130 117
118 117
131 118
119 118
131 119
120 119
110 120
132 121
122 121
133 122
123 122
124 123
123 124
114 124
134 114
125 114
134 125
126 125
134 126
127 126
135 127
128 127
136 128
129 128
137 129
130 129
138 130
131 130
139 131
140 131
120 131
141 120
141 110
142 132
133 132
143 133
123 133
144 123
134 123
144 134
145 134
135 134
145 135
136 135
146 136
137 136
147 137
138 137
148 138
139 138
148 139
140 139
149 140
141 140
150 141
151 141
152 142
143 142
153 143
144 143
154 144
155 144
156 144
145 144
157 145
158 145
146 145
147 146
159 147
148 147
160 148
149 148
161 149
150 149
162 150
151 150
163 151
164 152
153 152
165 153
154 153
166 154
155 154
167 155
144 155
168 144
169 156
157 156
170 157
158 157
171 158
146 158
159 146
172 159
160 159
173 160
148 160
174 148
161 148
175 161
162 161
175 162
163 162
176 163
165 164
166 165
167 166
168 167
169 168
170 169
171 170
146 171
172 146
173 172
174 173
175 174
176 175
2 5 2 5 9 5 7 3 2 0 3 5 0 8 6 2 4 6 0 7 9 7 1 8 1 7 7 9 2 8 1 4 5 4 2 7 2 3 6 0 6 7 0 5 9 8 7 4 9 6 7 4 5 3 0 3 6 3 7 0 0 8 3 0 9 9 4 8 9 3 8 5 1 6 5 9 6 4 0 7 6 1 7 1 7 4 2 0 3 2 6 2 4 1 7 0 6 3 7 1 1 9 5 4 5 3 5 9 0 1 0 3 2 4 0 6 1 6 5 6 5 0 8 5 1 9 0 8 0 5 4 7 7 9 3 7 2 0 9 6 3 6 3 1 7 2 4 5 0 5 2 8 1 8 2 1 5 7 8 2 3 1 5 1 8 1 0 7 5 7 3 6 8 2 6 3 8