182 368
15 0
1 0
16 1
2 1
16 2
3 2
16 3
4 3
17 4
5 4
6 5
18 6
7 6
18 7
8 7
18 8
9 8
19 9
10 9
20 10
11 10
21 11
12 11
22 12
13 12
22 13
14 13
23 14
24 15
16 15
25 16
26 16
17 16
27 17
5 17
28 5
18 5
29 18
30 18
19 18
31 19
20 19
31 20
21 20
32 21
22 21
33 22
34 22
23 22
35 23
36 24
25 24
37 25
26 25
37 26
16 26
38 16
27 16
28 27
39 28
29 28
40 29
30 29
41 30
31 30
42 31
43 31
32 31
44 32
33 32
45 33
34 33
46 34
35 34
47 35
48 36
37 36
48 37
49 37
38 37
50 38
27 38
51 27
39 27
52 39
40 39
53 40
41 40
54 41
30 41
55 30
42 30
56 42
43 42
57 43
44 43
58 44
45 44
59 45
46 45
60 46
47 46
61 47
62 48
63 48
49 48
64 49
50 49
65 50
51 50
66 51
52 51
53 52
52 53
54 53
67 54
55 54
68 55
56 55
69 56
57 56
58 57
59 58
70 59
60 59
71 60
61 60
72 61
73 62
63 62
74 63
64 63
75 64
65 64
75 65
66 65
75 66
52 66
76 52
67 52
77 67
68 67
78 68
69 68
79 69
58 69
80 58
81 58
70 58
82 70
71 70
83 71
72 71
84 72
74 73
85 74
75 74
86 75
87 75
52 75
88 52
88 76
77 76
89 77
78 77
90 78
79 78
91 79
80 79
92 80
81 80
93 81
82 81
83 82
94 83
84 83
95 73
85 73
96 85
75 85
87 86
97 87
88 87
98 88
99 88
89 88
100 89
90 89
101 90
91 90
102 91
92 91
93 92
103 93
82 93
103 82
94 82
104 94
84 94
105 84
106 95
96 95
107 96
86 96
108 86
109 86
97 86
110 97
98 97
99 98
111 99
100 99
112 100
101 100
113 101
102 101
114 102
92 102
115 92
103 92
116 103
117 103
104 103
118 104
105 104
119 105
107 106
120 107
108 107
121 108
109 108
122 109
110 109
123 110
98 110
124 98
111 98
125 111
112 111
126 112
113 112
127 113
114 113
115 114
116 115
117 116
128 117
118 117
129 118
119 118
130 119
131 106
120 106
132 120
121 120
133 121
122 121
134 122
123 122
135 123
124 123
136 124
125 124
137 125
126 125
138 126
127 126
139 127
114 127
139 114
140 115
141 116
128 116
142 128
129 128
142 129
130 129
143 130
144 131
132 131
145 132
133 132
146 133
134 133
147 134
135 134
148 135
136 135
149 136
137 136
150 137
138 137
151 138
139 138
152 139
153 139
140 139
153 140
141 140
154 141
142 141
155 142
156 142
143 142
157 143
158 144
145 144
159 145
146 145
160 146
147 146
148 147
149 148
161 149
150 149
161 150
151 150
162 151
152 151
163 152
153 152
164 153
165 153
154 153
166 154
155 154
167 155
156 155
168 156
157 156
168 157
169 158
159 158
170 159
160 159
170 160
148 160
171 148
172 148
161 148
173 161
174 161
162 161
175 162
163 162
176 163
164 163
177 164
165 164
178 165
166 165
179 166
167 166
180 167
168 167
181 168
170 169
171 170
172 171
173 172
174 173
175 174
176 175
177 176
178 177
179 178
180 179
181 180
3 9 8 3 4 8 5 9 4 3 4 0 3 5 4 8 4 0 2 0 9 5 4 8 5 0 2 7 9 4 1 4 9 0 6 5 2 3 5 3 5 2 5 9 4 1 3 1 8 9 1 0 7 9 6 8 1 3 5 8 5 2 4 9 1 7 8 9 5 2 0 6 8 8 5 0 4 5 9 8 6 2 9 7 9 7 2 1 6 4 1 7 8 3 5 5 3 6 3 0 5 0 3 2 3 1 4 9 8 6 9 1 2 4 8 1 8 4 6 5 8 9 5 0 7 5 7 0 7 2 9 2 5 1 2 4 2 1 2 1 6 9 3 4 0 3 0 9 1 4 8 0 6 8 7 6 8 1 7 5 7 3 6 2 4 1 3 7 9 8 0 2 3 0 5 1 9 7 5 0 3 5