274 600
14 0
15 0
1 0
2 1
16 2
3 2
17 3
4 3
17 4
18 4
5 4
19 5
6 5
19 6
7 6
19 7
8 7
20 8
9 8
10 9
11 10
21 11
22 11
12 11
23 12
13 12
23 13
24 13
25 13
26 14
15 14
27 15
1 15
27 1
16 1
28 16
2 16
29 2
17 2
29 17
30 17
18 17
31 18
19 18
32 19
33 19
34 19
20 19
35 20
10 20
36 10
21 10
37 21
22 21
38 22
23 22
39 23
24 23
40 24
25 24
41 25
42 26
27 26
43 27
44 27
28 27
45 28
29 28
46 29
47 29
30 29
48 30
31 30
48 31
32 31
49 32
33 32
50 33
34 33
51 34
35 34
36 35
10 36
52 10
37 10
53 37
38 37
54 38
39 38
55 39
40 39
56 40
41 40
56 41
57 42
43 42
58 43
44 43
59 44
45 44
60 45
46 45
61 46
47 46
62 47
48 47
63 48
64 48
49 48
65 49
50 49
66 50
51 50
67 51
36 51
67 36
68 36
52 36
69 52
53 52
70 53
54 53
71 54
55 54
72 55
39 55
73 39
56 39
73 56
74 56
75 57
58 57
76 58
59 58
77 59
60 59
61 60
60 61
62 61
60 62
63 62
60 63
64 63
60 64
65 64
78 65
66 65
67 66
68 67
67 68
69 68
70 69
71 70
79 71
72 71
73 72
80 73
74 73
76 75
81 76
77 76
82 77
60 77
83 60
84 60
85 60
86 60
87 60
78 60
88 78
67 78
89 67
90 67
69 67
91 69
92 70
79 70
72 79
93 72
80 72
93 80
74 80
94 74
95 75
81 75
82 81
96 82
83 82
96 83
84 83
97 84
85 84
97 85
86 85
98 86
87 86
99 87
88 87
100 88
89 88
101 89
67 89
102 67
103 90
91 90
103 91
92 91
104 92
79 92
105 79
93 79
106 93
107 93
80 93
108 80
94 80
109 95
81 95
110 81
96 81
111 96
97 96
112 97
113 97
98 97
114 98
99 98
115 99
100 99
115 100
101 100
116 101
102 101
117 102
118 102
103 102
119 103
104 103
120 104
105 104
121 105
106 105
122 106
107 106
123 107
108 107
124 108
94 108
125 94
126 109
110 109
127 110
111 110
96 111
112 96
96 112
113 112
128 113
114 113
128 114
115 114
129 115
130 115
116 115
131 116
117 116
132 117
118 117
119 118
133 119
120 119
134 120
121 120
134 121
122 121
135 122
123 122
136 123
124 123
137 124
125 124
138 125
127 126
126 127
96 127
139 96
140 96
128 96
141 128
129 128
142 129
130 129
143 130
131 130
143 131
132 131
144 132
118 132
144 118
133 118
145 133
146 133
134 133
147 134
135 134
148 135
136 135
149 136
137 136
150 137
138 137
151 126
152 126
139 126
153 139
140 139
141 140
154 141
142 141
154 142
143 142
155 143
144 143
156 144
157 144
145 144
158 145
146 145
159 146
134 146
160 147
148 147
161 148
149 148
161 149
150 149
162 150
138 150
163 138
164 151
152 151
165 152
153 152
166 153
140 153
167 140
168 141
169 154
143 154
170 143
156 155
155 156
157 156
171 157
158 157
172 158
159 158
134 159
160 134
173 160
161 160
174 161
162 161
175 162
163 162
176 163
177 164
165 164
178 165
153 165
179 153
180 166
167 166
168 167
167 168
154 168
181 154
181 169
170 169
181 170
155 170
182 155
183 155
171 155
184 171
172 171
184 172
134 172
185 134
186 134
173 134
186 173
161 173
187 161
176 174
175 174
176 175
188 177
178 177
179 178
180 179
189 180
167 180
190 167
191 167
181 167
191 181
192 181
182 181
183 182
193 183
184 183
194 184
195 184
185 184
196 185
186 185
197 186
198 186
187 186
199 187
176 187
200 176
201 176
202 188
179 188
189 179
203 189
190 189
204 190
191 190
205 191
206 191
192 191
206 192
181 192
207 181
208 182
193 182
209 193
194 193
210 194
195 194
211 195
196 195
211 196
197 196
211 197
198 197
199 198
212 199
200 199
176 200
201 200
176 201
179 202
213 179
214 179
203 179
215 203
204 203
205 204
206 205
216 206
217 206
207 206
208 207
209 208
218 209
210 209
219 210
211 210
220 211
221 211
198 211
222 198
212 198
223 212
176 212
224 176
225 202
213 202
226 213
214 213
227 214
215 214
228 215
204 215
229 204
230 205
216 205
231 216
217 216
232 217
207 217
233 207
218 208
234 218
219 218
235 219
220 219
236 220
221 220
237 221
211 221
238 211
222 211
223 222
239 223
176 223
240 176
241 176
242 224
243 225
226 225
244 226
227 226
245 227
228 227
246 228
229 228
247 229
230 229
248 230
231 230
249 231
232 231
250 232
233 232
251 233
208 233
252 208
234 208
253 234
235 234
236 235
254 236
237 236
238 237
255 238
222 238
255 222
239 222
256 239
240 239
257 240
241 240
258 241
242 241
259 242
260 243
244 243
245 244
244 245
246 245
261 246
247 246
262 247
248 247
263 248
249 248
264 249
250 249
251 250
265 251
252 251
266 252
253 252
267 253
235 253
254 235
237 254
268 237
255 237
269 255
270 255
256 255
271 256
257 256
272 257
258 257
272 258
259 258
273 259
244 260
261 244
262 261
263 262
264 263
250 264
265 250
266 265
267 266
254 267
268 254
269 268
270 269
271 270
272 271
273 272
2 3 2 5 3 1 5 1 5 1 3 2 5 2 4 5 1 1 4 3 0 1 6 0 1 3 3 1 2 3 5 3 2 0 4 2 6 2 3 2 6 2 2 3 6 4 0 4 2 1 3 1 0 3 6 0 4 5 1 3 2 5 3 0 6 2 4 0 4 5 6 5 4 3 5 0 6 4 5 3 2 1 6 0 1 6 4 6 1 2 4 0 4 0 3 2 2 5 1 3 2 1 6 1 0 5 4 5 4 5 0 1 1 3 6 5 4 5 1 3 5 0 5 4 3 2 4 5 0 3 0 2 6 2 4 1 3 2 6 1 5 2 1 3 5 6 3 6 2 6 3 1 6 4 6 1 3 2 5 2 2 0 4 2 2 3 5 1 3 3 6 4 6 1 4 5 0 6 0 2 4 4 2 6 0 3 2 4 3 1 2 6 3 0 3 1 5 6 1 5 1 4 0 3 5 0 4 5 3 5 4 2 4 5 0 2 5 0 1 3 0 3 5 6 2 3 0 2 0 3 4 2 4 2 6 0 6 4 6 1 3 4 1 5 6 4 3 0 2 6 2 6 4 5 3 3 6 0 5 2 3 0 3 1 4 3 2 0 0 2 6 2 3 0