286 617
17 0
1 0
18 1
2 1
19 2
3 2
20 3
4 3
21 4
22 4
5 4
23 5
6 5
24 6
7 6
25 7
8 7
26 8
9 8
27 9
10 9
28 10
29 10
30 10
11 10
31 11
12 11
32 12
13 12
14 13
33 14
15 14
34 15
16 15
35 16
36 17
18 17
37 18
19 18
38 19
20 19
39 20
21 20
40 21
22 21
40 22
23 22
41 23
24 23
25 24
24 25
26 25
24 26
27 26
28 27
29 28
42 29
30 29
43 30
31 30
44 31
32 31
45 32
13 32
46 13
33 13
47 33
34 33
47 34
35 34
48 35
49 36
37 36
50 37
38 37
51 38
39 38
40 39
52 40
53 40
41 40
24 41
41 24
54 24
55 24
28 24
56 28
42 28
57 42
43 42
58 43
44 43
59 44
45 44
60 45
46 45
61 46
47 46
62 47
63 47
48 47
64 48
65 49
50 49
65 50
51 50
65 51
39 51
66 39
52 39
67 52
53 52
68 53
41 53
69 41
70 41
54 41
70 54
55 54
70 55
56 55
71 56
28 56
71 28
57 28
71 57
58 57
72 58
59 58
72 59
60 59
61 60
62 61
73 62
63 62
74 63
64 63
74 64
75 65
76 65
66 65
77 66
67 66
78 67
68 67
79 68
69 68
80 69
70 69
81 70
82 70
83 70
71 70
84 71
85 71
72 71
86 72
87 72
61 72
88 61
73 61
89 73
74 73
90 74
65 75
91 65
92 76
77 76
93 77
78 77
94 78
79 78
94 79
80 79
95 80
81 80
95 81
82 81
96 82
83 82
97 83
84 83
98 84
85 84
99 85
71 85
100 71
86 71
101 86
87 86
102 87
88 87
102 88
61 88
103 61
89 61
103 89
74 89
104 74
105 90
91 75
106 91
92 91
107 92
93 92
108 93
94 93
109 94
110 94
95 94
110 95
111 95
96 95
112 96
97 96
112 97
98 97
113 98
99 98
114 99
100 99
115 100
101 100
116 101
102 101
117 102
118 102
103 102
118 103
104 103
105 104
119 75
106 75
120 106
107 106
121 107
108 107
121 108
109 108
110 109
122 110
111 110
123 111
112 111
124 112
125 112
113 112
126 113
114 113
127 114
115 114
128 115
116 115
129 116
117 116
118 117
130 118
103 118
131 103
132 104
133 105
134 119
120 119
135 120
121 120
136 121
137 121
109 121
138 109
122 109
139 122
140 122
123 122
140 123
124 123
140 124
125 124
141 125
126 125
142 126
127 126
143 127
128 127
144 128
129 128
145 129
117 129
146 117
147 118
148 130
131 130
132 131
149 132
133 132
150 133
135 134
136 135
135 136
137 136
138 137
139 138
140 139
139 140
151 140
152 140
141 140
153 141
142 141
154 142
143 142
155 143
144 143
155 144
145 144
156 145
146 145
157 146
147 146
158 147
148 147
159 148
131 148
160 131
149 131
161 149
150 149
162 150
163 134
164 135
165 135
137 135
166 137
139 137
167 139
168 139
151 139
169 151
152 151
170 152
153 152
154 153
155 154
171 155
156 155
172 156
157 156
173 157
158 157
174 158
159 158
175 159
160 159
176 160
161 160
162 161
177 162
178 163
164 163
178 164
165 164
179 165
166 165
180 166
139 166
180 139
181 167
168 167
169 168
182 169
170 169
183 170
154 170
184 154
185 154
171 154
186 171
187 171
172 171
188 172
173 172
189 173
174 173
175 174
190 175
176 175
191 176
161 176
192 161
177 161
193 177
194 178
195 178
179 178
196 179
180 179
197 180
181 180
198 181
168 181
199 168
182 168
200 182
183 182
201 183
184 183
201 184
185 184
202 185
186 185
203 186
187 186
203 187
188 187
204 188
189 188
204 189
174 189
205 174
190 174
206 190
191 190
207 191
192 191
208 192
193 192
209 194
195 194
209 195
196 195
210 196
180 196
198 197
199 198
211 199
200 199
212 200
201 200
213 201
202 201
214 202
203 202
215 203
204 203
216 204
217 204
205 204
206 205
218 206
207 206
219 207
208 207
219 208
193 208
220 193
221 209
222 209
210 209
222 210
197 210
223 197
211 198
224 211
212 211
225 212
213 212
226 213
201 213
227 201
214 201
228 214
215 214
216 215
229 216
217 216
230 217
205 217
231 205
218 205
232 218
219 218
233 219
220 219
234 221
222 221
235 222
236 222
223 222
237 223
197 223
238 197
224 198
239 224
225 224
226 225
227 226
240 227
228 227
215 228
241 215
242 215
229 215
243 229
230 229
244 230
231 230
245 231
232 231
245 232
233 232
246 233
220 233
247 234
235 234
236 235
235 236
237 236
248 237
238 237
249 238
198 238
250 198
239 198
251 239
225 239
252 226
240 226
252 240
228 240
241 228
253 241
242 241
243 242
242 243
244 243
254 244
245 244
255 245
246 245
256 246
233 246
257 233
258 220
259 247
235 247
260 235
261 235
248 235
249 248
250 249
262 250
251 250
225 251
263 225
252 225
228 252
253 228
264 253
242 253
265 242
254 242
266 254
255 254
267 255
245 255
268 245
256 245
269 256
257 256
270 257
258 257
271 258
272 259
260 259
261 260
248 261
261 248
273 249
262 249
274 262
251 262
275 251
263 251
276 263
228 263
277 228
278 228
264 228
279 264
242 264
279 242
280 265
266 265
281 266
267 266
268 267
282 268
269 268
283 269
270 269
284 270
271 270
285 271
260 272
273 261
274 273
275 274
276 275
228 276
278 277
279 278
280 279
281 280
267 281
282 267
283 282
284 283
285 284
2 5 4 6 3 6 0 6 0 4 3 1 0 1 3 2 4 0 4 0 1 6 0 1 4 3 5 2 5 1 5 0 5 6 1 6 3 2 5 6 3 0 3 4 1 2 3 4 0 2 3 0 5 1 5 0 4 6 2 6 0 2 1 5 2 1 2 4 5 6 3 1 4 6 3 6 3 1 6 1 0 1 4 1 3 4 6 1 0 1 6 4 0 4 0 5 0 6 4 5 3 1 4 5 4 0 2 3 1 5 4 2 5 6 0 4 6 5 2 3 4 0 3 5 3 6 0 3 6 2 3 2 1 5 5 0 2 3 6 0 1 3 1 6 5 4 3 0 1 0 3 6 5 0 2 1 0 6 1 0 5 3 1 3 1 4 6 3 1 3 1 3 2 5 2 5 4 6 5 6 1 0 0 5 0 5 6 4 6 1 1 2 0 5 0 1 2 2 3 0 4 3 4 2 5 3 6 0 3 6 5 5 1 4 1 5 2 1 2 4 1 3 0 6 6 0 3 2 3 3 6 5 6 2 0 2 6 2 0 5 1 2 3 5 3 4 6 5 4 2 1 2 4 5 1 2 3 4 6 3 0 5 3 1 2 1 2 0 1 4 3 4 2 3 1 0 6 2 0 6 4 6 4 1 0 5