293 627
15 0
16 0
1 0
17 1
2 1
18 2
3 2
19 3
4 3
20 4
5 4
6 5
21 6
22 6
7 6
23 7
24 7
8 7
24 8
9 8
25 9
10 9
26 10
11 10
27 11
12 11
28 12
29 12
13 12
30 13
14 13
31 14
16 15
32 16
17 16
33 17
18 17
34 18
19 18
35 19
20 19
35 20
5 20
36 5
21 5
37 21
6 21
38 6
39 22
23 22
40 23
24 23
41 24
25 24
42 25
26 25
27 26
43 27
28 27
44 28
29 28
44 29
30 29
45 30
31 30
46 31
47 15
32 15
48 32
33 32
49 33
34 33
50 34
35 34
50 35
51 35
36 35
51 36
37 36
52 37
38 37
53 38
39 38
54 39
40 39
55 40
41 40
56 41
57 41
42 41
58 42
26 42
59 26
43 26
60 43
44 43
61 44
46 44
45 44
46 45
48 47
49 48
50 49
62 50
63 50
51 50
64 51
65 51
52 51
66 52
53 52
67 53
54 53
68 54
55 54
56 55
69 56
57 56
70 57
58 57
71 58
59 58
72 59
60 59
73 60
61 60
74 61
46 61
74 46
75 46
76 48
77 49
62 49
78 62
63 62
79 63
64 63
80 64
65 64
81 65
66 65
82 66
67 66
83 67
68 67
84 68
55 68
85 55
69 55
86 69
70 69
87 70
71 70
88 71
72 71
89 72
73 72
90 73
74 73
91 74
75 74
92 75
93 75
94 76
95 76
77 76
78 77
96 78
79 78
97 79
80 79
98 80
81 80
99 81
82 81
100 82
83 82
100 83
84 83
101 84
85 84
101 85
86 85
101 86
87 86
102 87
88 87
103 88
89 88
104 89
90 89
105 90
91 90
106 91
107 91
92 91
93 92
108 93
109 94
95 94
77 95
110 77
96 77
110 96
97 96
111 97
98 97
112 98
99 98
112 99
100 99
113 100
114 100
101 100
115 101
116 101
117 101
102 101
118 102
103 102
104 103
105 104
119 105
106 105
120 106
107 106
121 107
92 107
121 92
108 92
122 108
95 109
123 95
110 95
124 110
125 110
111 110
126 111
112 111
113 112
127 113
114 113
128 114
115 114
129 115
116 115
130 116
117 116
131 117
118 117
132 118
104 118
133 104
134 104
119 104
135 119
120 119
136 120
121 120
137 121
138 121
122 121
139 122
140 109
123 109
124 123
125 124
126 125
112 126
141 112
142 112
127 112
143 127
128 127
129 128
144 129
130 129
145 130
131 130
132 131
146 132
133 132
134 133
135 134
147 135
136 135
147 136
137 136
147 137
138 137
139 138
148 139
149 140
124 140
150 124
151 124
126 124
152 126
141 126
153 141
142 141
154 142
143 142
155 143
128 143
156 128
144 128
157 144
145 144
158 145
131 145
158 131
146 131
159 146
134 146
160 134
161 134
147 134
162 147
163 147
164 147
138 147
165 138
148 138
166 148
167 149
150 149
168 150
151 150
169 151
152 151
169 152
126 152
169 126
153 126
154 153
170 154
155 154
171 155
156 155
172 156
157 156
173 157
158 157
174 158
159 158
175 159
160 159
176 160
161 160
177 161
162 161
178 162
163 162
178 163
164 163
179 164
165 164
180 165
166 165
181 166
182 167
168 167
183 168
169 168
184 169
185 169
153 169
186 153
170 153
187 170
171 170
188 171
172 171
189 172
173 172
174 173
190 174
158 174
191 158
175 158
192 175
176 175
193 176
177 176
194 177
178 177
195 178
196 178
179 178
196 179
180 179
196 180
181 180
183 182
184 183
197 184
185 184
198 185
169 185
198 169
186 169
199 186
187 186
188 187
200 188
189 188
201 189
173 189
190 173
202 190
191 190
203 191
192 191
204 192
193 192
194 193
195 194
205 195
196 195
206 196
181 196
196 181
207 183
197 183
208 197
198 197
209 198
210 198
199 198
211 199
187 199
211 187
200 187
201 200
212 201
173 201
202 173
213 202
203 202
214 203
204 203
215 204
194 204
216 194
205 194
196 205
217 206
196 206
218 196
219 196
220 183
221 207
208 207
221 208
209 208
222 209
210 209
223 210
211 210
224 211
200 211
225 200
212 200
173 212
213 173
214 213
226 214
215 214
227 215
216 215
227 216
194 216
196 194
194 196
228 196
217 196
228 217
218 217
229 218
219 218
230 219
221 220
231 221
232 221
222 221
233 222
223 222
211 223
234 211
235 224
225 224
236 225
173 225
237 173
238 213
226 213
239 226
227 226
239 227
194 227
227 194
240 194
228 194
241 228
242 228
229 228
243 229
230 229
244 230
245 220
231 220
246 231
232 231
247 232
233 232
248 233
223 233
249 223
234 223
250 234
235 234
251 235
236 235
252 236
237 236
253 237
173 237
254 173
238 173
254 238
239 238
255 239
256 239
227 239
257 227
258 227
240 227
259 240
241 240
260 241
242 241
260 242
243 242
261 243
244 243
261 244
262 245
246 245
262 246
247 246
263 247
248 247
264 248
249 248
265 249
250 249
266 250
251 250
267 251
252 251
267 252
253 252
254 253
268 254
255 254
269 255
256 255
270 256
257 256
271 257
258 257
259 258
272 259
260 259
273 260
274 260
261 260
275 261
276 262
263 262
277 263
264 263
278 264
265 264
279 265
266 265
280 266
267 266
281 267
282 267
254 267
283 254
284 254
285 268
269 268
286 269
270 269
287 270
271 270
288 271
258 271
289 258
272 258
273 272
274 273
290 274
261 274
291 261
292 275
277 276
278 277
279 278
280 279
281 280
282 281
283 282
284 283
285 284
286 285
287 286
288 287
289 288
272 289
290 273
291 290
292 291
4 6 3 0 1 3 6 1 2 6 5 3 5 1 5 5 0 4 0 5 2 0 2 0 3 4 0 6 1 3 4 6 1 5 2 3 0 2 4 1 3 1 6 4 6 3 1 2 3 0 5 1 5 2 0 1 5 4 0 2 5 4 6 4 3 2 3 4 3 4 6 4 1 6 2 5 2 5 0 2 5 0 4 0 5 3 2 0 6 0 3 4 0 1 4 6 6 5 4 1 6 1 4 5 3 0 5 2 2 5 1 2 3 4 1 2 5 0 6 2 4 3 0 0 3 5 6 0 4 0 1 2 0 1 0 6 5 2 4 6 1 2 4 6 2 0 6 1 2 3 4 5 2 5 3 0 5 3 6 1 6 4 5 6 4 3 4 0 2 3 4 6 0 6 4 3 0 3 1 3 0 3 6 4 2 5 4 1 0 2 1 4 0 3 1 5 6 3 6 5 5 3 4 2 5 0 2 6 4 1 5 6 4 0 3 4 2 4 3 0 5 0 5 4 1 3 6 3 3 6 2 4 2 0 1 3 1 0 3 2 6 5 2 4 1 3 0 5 1 5 4 0 2 5 2 3 4 2 4 2 0 3 1 4 2 0 3 4 1 0 3 1 5 6 2 4 4 1 4 5 4 5 0 1 5 6 5 2 4 2 5 2 1