300 640
17 0
1 0
2 1
18 2
3 2
19 3
4 3
20 4
5 4
21 5
6 5
22 6
7 6
23 7
8 7
23 8
9 8
24 9
10 9
25 10
11 10
26 11
12 11
27 12
13 12
28 13
14 13
29 14
15 14
29 15
16 15
30 16
31 17
1 17
32 1
33 1
18 1
34 18
19 18
20 19
21 20
20 21
22 21
20 22
23 22
35 23
36 23
24 23
37 24
25 24
38 25
11 25
39 11
40 26
27 26
41 27
28 27
42 28
29 28
43 29
44 29
30 29
45 30
46 30
47 31
32 31
48 32
33 32
49 33
34 33
50 34
19 34
50 19
51 20
52 20
53 20
35 20
54 35
36 35
55 36
37 36
56 37
38 37
57 38
39 38
40 39
41 40
58 41
42 41
59 42
43 42
60 43
44 43
45 44
46 45
61 46
62 47
48 47
63 48
49 48
64 49
50 49
65 50
66 50
51 50
67 51
52 51
68 52
53 52
68 53
54 53
69 54
55 54
70 55
56 55
57 56
71 57
39 57
72 39
73 40
58 40
59 58
60 59
74 60
44 60
75 44
76 45
61 45
76 61
77 62
63 62
78 63
64 63
79 64
65 64
80 65
66 65
80 66
67 66
81 67
68 67
82 68
83 68
69 68
70 69
69 70
56 70
84 56
71 56
84 71
72 71
84 72
73 72
85 73
59 73
86 59
87 59
74 59
87 74
75 74
88 75
76 75
89 76
90 76
91 77
78 77
91 78
79 78
92 79
80 79
93 80
94 80
81 80
95 81
82 81
96 82
83 82
97 83
69 83
98 69
84 69
69 84
99 84
100 84
85 84
100 85
86 85
101 86
87 86
102 87
103 87
88 87
104 88
89 88
105 89
90 89
106 90
107 91
92 91
108 92
93 92
109 93
94 93
110 94
95 94
96 95
95 96
97 96
111 97
98 97
112 98
69 98
112 69
113 69
99 69
114 99
100 99
114 100
101 100
115 101
102 101
116 102
103 102
117 103
104 103
105 104
104 105
106 105
118 106
119 107
120 107
108 107
121 108
109 108
121 109
110 109
121 110
95 110
122 95
123 95
111 95
112 111
124 112
125 112
113 112
125 113
114 113
126 114
100 114
127 100
115 100
128 115
116 115
128 116
117 116
104 117
129 104
130 104
118 104
131 118
132 119
120 119
133 120
121 120
134 121
135 121
122 121
136 122
123 122
137 123
111 123
138 111
124 111
139 124
125 124
140 125
141 125
114 125
141 114
142 126
127 126
143 127
128 127
144 128
145 128
117 128
129 117
146 129
130 129
147 130
131 130
148 131
149 132
133 132
150 133
134 133
150 134
151 134
135 134
151 135
136 135
152 136
137 136
153 137
138 137
154 138
139 138
140 139
155 140
141 140
156 141
157 141
142 141
158 142
143 142
159 143
144 143
160 144
145 144
161 145
117 145
162 117
146 117
163 146
147 146
163 147
148 147
164 149
150 149
165 150
166 150
151 150
167 151
168 151
152 151
169 152
153 152
154 153
139 154
170 139
155 139
170 155
156 155
171 156
157 156
172 157
158 157
173 158
159 158
174 159
160 159
175 160
161 160
176 161
162 161
177 162
163 162
178 163
179 163
148 163
180 164
165 164
166 165
181 166
167 166
181 167
168 167
182 168
169 168
183 169
153 169
184 153
185 154
170 154
186 170
187 170
171 170
187 171
172 171
187 172
173 172
174 173
188 174
175 174
189 175
176 175
190 176
177 176
191 177
178 177
192 178
179 178
193 179
148 179
194 148
195 180
165 180
196 165
181 165
197 181
182 181
198 182
183 182
199 183
184 183
200 184
185 184
201 185
186 185
202 186
187 186
203 187
173 187
204 173
188 173
189 188
205 189
190 189
206 190
191 190
192 191
193 192
207 193
194 193
207 194
208 195
196 195
197 196
196 197
181 197
209 181
198 181
210 198
199 198
211 199
200 199
212 200
201 200
213 201
202 201
214 202
203 202
215 203
187 203
215 187
216 187
204 187
217 204
188 204
205 188
188 205
206 205
218 206
191 206
219 191
220 192
207 192
221 207
222 207
223 208
196 208
224 196
225 196
209 196
226 209
210 209
227 210
211 210
228 211
212 211
229 212
213 212
230 213
214 213
231 214
215 214
232 215
216 215
233 216
217 216
234 217
188 217
235 188
236 188
218 188
219 218
237 219
220 219
238 220
221 220
239 221
222 221
240 222
241 223
224 223
241 224
225 224
242 225
226 225
242 226
227 226
228 227
230 228
229 228
230 229
231 230
232 231
243 232
215 232
244 215
233 215
245 233
234 233
246 234
235 234
247 235
236 235
248 236
218 236
249 218
237 218
250 237
238 237
251 238
239 238
252 239
240 239
253 240
254 241
255 241
242 241
256 242
257 242
227 242
258 227
230 227
259 230
260 230
261 230
262 231
243 231
244 243
245 244
244 245
246 245
263 246
247 246
264 247
248 247
265 248
249 248
266 249
250 249
251 250
267 251
252 251
268 252
253 252
269 254
255 254
256 255
257 256
270 257
258 257
271 258
259 258
272 259
260 259
273 260
261 260
274 261
262 261
275 262
244 262
276 244
263 244
264 263
277 264
265 264
278 265
266 265
279 266
250 266
280 250
267 250
281 267
268 267
282 268
253 268
283 253
284 269
255 269
285 255
286 256
270 256
287 270
271 270
288 271
272 271
289 272
273 272
290 273
274 273
290 274
275 274
291 275
276 275
292 276
293 276
244 276
294 244
277 263
295 277
278 277
279 278
280 279
296 280
281 280
297 281
282 281
298 282
283 282
299 283
285 284
286 285
287 286
288 287
289 288
290 289
291 290
292 291
293 292
294 293
263 294
295 263
279 295
296 279
297 296
298 297
299 298
2 3 2 4 2 6 2 6 2 5 6 2 0 6 0 5 6 6 1 0 5 0 6 3 0 3 5 6 4 1 0 1 5 6 2 2 1 2 5 3 2 1 6 3 0 2 5 5 4 0 6 1 4 0 1 6 5 4 6 0 2 3 6 0 6 5 4 6 3 0 2 6 1 4 5 6 0 4 2 1 0 4 1 6 4 5 2 3 2 3 6 3 2 1 3 2 3 2 1 2 1 3 0 1 5 4 0 4 0 4 5 0 3 2 3 4 1 2 3 2 6 2 5 1 2 4 0 3 0 0 1 6 1 5 1 5 1 4 5 0 3 6 1 4 5 1 1 4 5 3 4 6 4 3 6 1 2 1 4 0 1 3 1 0 0 3 0 1 4 6 3 4 0 2 4 3 1 5 6 3 4 6 0 2 1 4 2 6 1 2 5 4 2 5 0 2 1 2 1 0 3 1 4 3 3 5 1 6 6 4 6 3 4 0 1 2 4 5 4 6 0 2 4 2 6 4 1 5 1 5 2 5 3 1 0 3 0 1 4 0 2 5 3 6 0 5 6 2 1 5 0 1 6 1 4 1 6 4 0 4 0 1 2 1 4 3 6 2 3 6 1 5 2 3 6 3 1 5 6 5 6 3 6 2 3 0 2 5 6 3 0 5 2 6 5 0 2 6 4 0