281 612
1 0
2 1
17 2
3 2
18 3
4 3
19 4
5 4
20 5
6 5
7 6
8 7
21 8
22 8
9 8
10 9
23 10
11 10
24 11
12 11
13 12
25 13
14 13
26 14
15 14
27 15
16 15
28 16
29 1
30 1
17 1
31 17
18 17
32 18
19 18
33 19
20 19
34 20
6 20
34 6
35 7
21 7
36 21
22 21
37 22
9 22
38 9
23 9
39 23
40 23
24 23
12 24
41 12
25 12
42 25
14 25
43 14
44 26
27 26
45 27
28 27
46 29
30 29
47 30
31 30
48 31
32 31
49 32
33 32
50 33
34 33
51 34
35 34
52 35
36 35
53 36
37 36
53 37
38 37
39 38
54 39
40 39
24 40
55 24
41 24
56 41
42 41
43 42
44 43
45 44
57 45
28 45
58 28
59 46
47 46
60 47
48 47
49 48
61 49
50 49
62 50
51 50
63 51
34 51
52 34
53 52
64 53
38 53
65 38
54 38
66 54
40 54
55 40
67 55
56 55
67 56
43 56
68 43
69 43
57 44
70 57
58 57
71 58
72 59
60 59
73 60
48 60
74 48
61 48
75 61
62 61
76 62
63 62
77 63
34 63
78 34
79 52
64 52
80 64
65 64
80 65
66 65
81 66
40 66
81 40
67 40
82 67
83 67
68 67
84 68
69 68
85 69
44 69
86 44
70 44
87 70
71 70
88 71
89 72
73 72
90 73
74 73
91 74
75 74
91 75
76 75
92 76
77 76
93 77
78 77
79 78
94 79
80 79
94 80
95 80
96 80
81 80
97 81
98 81
82 81
99 82
83 82
100 83
84 83
101 84
85 84
102 85
86 85
87 86
103 87
88 87
104 88
105 89
90 89
106 90
91 90
107 91
108 91
92 91
109 92
93 92
110 93
78 93
111 78
94 78
112 94
113 94
95 94
114 95
96 95
114 96
97 96
115 97
98 97
116 98
99 98
100 99
117 100
101 100
118 101
102 101
119 102
86 102
119 86
103 86
104 103
120 104
121 105
106 105
121 106
107 106
121 107
108 107
122 108
109 108
123 109
110 109
111 110
112 111
124 112
113 112
125 113
114 113
126 114
115 114
127 115
116 115
128 116
99 116
129 99
117 99
130 117
118 117
119 118
131 119
132 119
103 119
132 103
120 103
133 120
134 121
135 121
136 121
122 121
137 122
123 122
138 123
110 123
139 110
140 111
124 111
141 124
125 124
142 125
126 125
114 126
143 114
127 114
143 127
128 127
144 128
129 128
145 129
130 129
145 130
118 130
146 118
131 118
146 131
132 131
147 132
148 132
133 132
149 133
150 134
135 134
151 135
136 135
152 136
137 136
152 137
138 137
139 138
138 139
140 139
153 140
141 140
154 141
142 141
155 142
126 142
156 126
143 126
157 143
144 143
158 144
145 144
159 145
146 145
160 146
161 146
147 146
162 147
148 147
162 148
149 148
151 150
152 151
163 152
138 152
164 138
165 138
153 138
166 153
154 153
155 154
154 155
156 155
167 156
157 156
168 157
143 157
169 143
158 143
159 158
170 159
145 159
171 145
160 145
172 160
161 160
172 161
162 161
173 162
149 162
162 149
174 150
175 151
163 151
176 163
152 163
177 152
164 152
178 164
165 164
179 165
166 165
180 166
154 166
181 154
167 154
181 167
168 167
182 168
169 168
183 169
158 169
184 158
170 158
185 170
171 170
186 171
172 171
186 172
187 172
173 172
188 173
162 173
189 162
190 174
175 174
176 175
175 176
177 176
191 177
178 177
192 178
179 178
193 179
180 179
154 180
194 154
195 181
182 181
196 182
183 182
197 183
184 183
198 184
185 184
199 185
186 185
200 186
201 186
187 186
162 187
188 187
162 188
202 189
203 190
175 190
204 175
205 175
191 175
206 191
192 191
207 192
193 192
208 193
180 193
209 180
194 180
210 194
195 194
210 195
211 195
196 195
197 196
212 197
198 197
213 198
199 198
214 199
200 199
215 200
201 200
216 201
162 201
217 162
218 162
219 162
202 162
220 202
221 203
204 203
221 204
205 204
222 205
206 205
207 206
206 207
208 207
209 208
210 209
223 210
211 210
196 211
213 196
212 196
213 212
214 213
224 214
215 214
225 215
216 215
225 216
217 216
225 217
218 217
226 218
219 218
227 219
220 219
228 220
229 221
230 221
222 221
231 222
206 222
232 206
208 206
233 208
234 209
223 209
235 223
210 223
213 211
236 213
237 213
238 213
224 213
239 224
225 224
240 225
241 225
226 225
242 226
227 226
242 227
228 227
243 228
244 229
230 229
245 230
231 230
232 231
246 232
233 232
247 233
234 233
235 234
248 235
210 235
249 211
236 211
250 236
237 236
251 237
238 237
251 238
239 238
252 239
240 239
253 240
254 240
241 240
254 241
242 241
255 242
256 242
243 242
257 243
258 244
245 244
258 245
231 245
259 231
260 232
261 246
247 246
261 247
234 247
262 234
248 234
210 248
263 210
249 210
250 249
251 250
250 251
264 251
252 251
265 252
253 252
266 253
254 253
267 254
255 254
267 255
256 255
268 256
257 256
269 257
259 258
260 259
270 260
261 260
270 261
271 261
262 261
272 262
248 262
273 248
263 248
250 263
274 250
264 250
265 264
264 265
266 265
275 266
254 266
276 254
277 267
278 267
268 267
279 268
269 268
280 269
270 259
271 270
272 271
273 272
263 273
274 263
264 274
275 264
276 275
277 276
278 277
279 278
280 279
3 0 4 5 1 0 5 1 4 1 5 3 1 3 4 2 1 6 1 5 6 5 3 3 2 0 2 5 4 4 1 2 0 2 0 5 6 1 3 0 6 4 2 0 6 0 1 6 1 6 3 4 4 0 5 0 3 5 1 6 3 0 4 3 3 1 3 1 6 5 3 0 2 4 6 5 6 1 6 1 6 4 0 6 0 6 0 5 1 4 0 3 1 4 5 2 0 5 3 6 5 2 4 3 2 2 6 5 2 0 1 2 4 6 3 1 4 2 6 5 5 0 4 3 1 2 0 5 3 4 1 0 6 0 2 4 6 3 4 6 3 5 3 4 2 0 1 2 4 5 0 2 1 5 4 6 4 1 6 5 6 3 6 6 0 5 0 1 4 0 0 6 1 4 5 3 4 3 5 2 6 5 0 1 5 3 5 3 5 3 6 4 0 3 1 4 6 3 1 5 0 3 4 1 6 0 6 3 2 0 6 0 5 2 1 4 0 2 1 2 0 3 5 2 0 5 2 1 5 4 6 0 2 0 6 0 1 3 6 2 3 1 6 4 1 2 4 1 3 2 4 1 5 1 2 0 4 5 3 2 4 5 2 2 5 6 5 6 0 4 1 3 0 4 1 3 1 2 4 3 5