64 130
8 0
1 0
9 1
2 1
10 2
3 2
10 3
4 3
11 4
5 4
12 5
13 5
6 5
14 6
7 6
15 8
9 8
16 9
10 9
17 10
18 10
11 10
12 11
19 12
13 12
12 13
14 13
20 14
7 14
21 7
22 15
16 15
23 16
17 16
23 17
18 17
24 18
11 18
25 11
19 11
25 19
12 19
26 12
27 12
20 12
28 20
21 20
29 21
30 22
23 22
31 23
24 23
32 24
25 24
33 25
26 25
34 26
27 26
35 27
28 27
36 28
29 28
37 29
38 30
31 30
39 31
23 31
32 23
33 32
25 33
40 25
34 25
40 34
35 34
41 35
36 35
41 36
37 36
42 37
43 38
39 38
23 39
40 33
44 40
41 40
45 41
42 41
46 42
47 43
39 43
48 39
49 23
49 32
40 32
50 40
51 44
41 44
52 41
53 45
46 45
54 46
55 47
48 47
49 48
56 49
50 49
57 50
51 50
58 51
52 51
58 52
53 52
58 53
54 53
48 55
55 48
59 49
60 56
57 56
50 57
58 50
61 58
62 58
54 58
63 54
59 55
60 59
50 60
62 61
63 62
0 3 4 2 1 3 0 2 1 4 0 3 4 2 1 0 2 3 2 0 2 4 4 1 3 1 3 2 1 0 2 0 4 3 2 3 4 2 3 4 0 1 4 1 3 2 1 0 2 3 2 0 2 0 3 4 0 4 1 2 4 0 2 1