62 123
9 0
1 0
10 1
2 1
11 2
3 2
11 3
4 3
11 4
5 4
12 5
6 5
13 6
7 6
14 7
8 7
15 8
16 9
10 9
11 10
17 11
12 11
18 12
13 12
14 13
15 14
19 16
11 16
19 11
20 11
21 17
18 17
21 18
13 18
22 13
15 13
23 15
24 15
25 15
26 19
20 19
27 20
28 20
21 20
28 21
29 21
22 21
30 22
23 22
31 23
24 23
32 24
25 24
32 25
33 26
19 26
34 19
27 19
35 27
28 27
29 28
30 29
36 30
31 30
37 31
32 31
38 32
39 32
40 33
34 33
40 34
35 34
41 35
29 35
36 29
42 36
37 36
42 37
38 37
43 38
39 38
44 39
45 40
46 40
41 40
29 41
47 29
48 29
42 29
49 42
50 42
43 42
50 43
44 43
51 44
52 45
46 45
53 46
29 46
54 29
54 47
48 47
55 48
49 48
50 49
56 50
51 50
57 51
53 52
54 53
53 54
55 54
58 55
50 55
58 50
59 50
60 56
57 56
61 57
58 54
59 58
60 59
61 60
1 0 4 1 4 3 2 0 2 3 4 3 2 0 1 3 0 2 3 4 2 4 3 1 4 1 2 1 3 2 0 3 0 4 1 3 3 1 4 1 3 1 4 2 3 2 1 3 4 1 0 1 0 2 0 2 1 4 3 2 3 0