70 146
8 0
1 0
9 1
10 1
2 1
3 2
11 3
4 3
5 4
12 5
13 5
6 5
7 6
14 7
15 8
9 8
16 9
10 9
17 10
2 10
17 2
11 2
4 11
11 4
12 4
13 12
12 13
6 13
18 6
14 6
19 14
20 15
16 15
20 16
17 16
21 17
11 17
22 11
23 11
12 11
24 12
25 12
18 12
26 18
19 18
27 20
21 20
28 21
17 21
28 17
22 17
29 22
23 22
30 23
24 23
31 24
25 24
32 25
26 25
33 26
19 26
34 19
35 20
36 27
28 27
37 28
38 28
29 28
39 29
30 29
40 30
31 30
40 31
32 31
41 32
33 32
42 33
34 33
36 35
43 36
37 36
44 37
38 37
45 38
39 38
46 39
40 39
47 40
48 40
41 40
49 41
42 41
50 42
34 42
51 34
52 35
43 35
53 43
44 43
54 44
45 44
55 45
46 45
56 46
47 46
56 47
48 47
57 48
49 48
58 49
50 49
59 50
51 50
60 51
53 52
61 53
54 53
62 54
55 54
62 55
56 55
63 56
57 56
58 57
59 58
58 59
60 59
64 60
65 52
61 52
66 61
62 61
66 62
63 62
67 63
56 63
67 56
68 57
69 58
64 58
69 64
66 65
62 66
67 62
68 67
69 68
3 1 2 0 2 3 4 3 4 0 3 3 0 1 0 0 4 0 3 2 3 1 2 4 2 4 0 0 4 0 2 1 0 4 0 1 3 1 3 1 0 1 3 4 2 4 2 3 1 3 2 1 4 3 1 3 0 3 0 1 0 0 2 3 2 2 1 4 0 3