63 128
9 0
1 0
10 1
2 1
11 2
3 2
12 3
4 3
12 4
5 4
13 5
6 5
14 6
7 6
15 7
8 7
16 8
17 9
1 9
18 1
19 10
11 10
12 11
11 12
13 12
20 13
14 13
21 14
15 14
22 15
16 15
22 16
19 17
18 17
19 18
11 19
23 11
20 11
11 20
21 20
11 21
22 21
24 22
25 19
26 19
23 19
27 23
11 23
28 11
29 11
30 11
31 11
22 11
32 22
33 24
34 25
26 25
35 26
27 26
36 27
28 27
29 28
30 29
31 30
32 31
37 32
33 32
38 33
39 34
35 34
40 35
26 35
41 26
36 26
42 36
29 36
43 29
30 31
37 31
44 37
38 37
45 38
46 39
40 39
46 40
41 40
47 41
42 41
48 42
29 42
49 29
50 43
30 43
51 30
44 30
45 44
52 45
53 46
54 46
47 46
54 47
48 47
49 48
50 49
51 50
55 51
30 51
56 30
52 44
54 53
53 54
57 54
49 54
58 49
59 50
55 50
59 55
56 55
60 56
52 56
61 52
62 52
57 53
58 57
59 58
60 59
61 60
62 61
0 1 2 0 4 3 2 1 2 3 4 1 2 4 0 4 1 1 3 2 2 4 3 4 4 1 3 0 4 2 0 4 1 3 4 2 1 2 4 1 3 1 4 3 3 1 4 3 1 4 2 4 4 1 2 0 1 0 2 1 0 1 3