66 137
10 0
1 0
11 1
2 1
12 2
3 2
13 3
4 3
14 4
5 4
15 5
6 5
15 6
7 6
16 7
8 7
17 8
9 8
17 9
18 10
11 10
12 11
13 12
12 13
14 13
19 14
15 14
20 15
16 15
21 16
17 16
22 17
23 17
24 18
12 18
25 12
26 12
19 12
26 19
20 19
27 20
15 20
28 15
21 15
29 21
22 21
29 22
23 22
30 24
25 24
12 25
31 12
32 26
27 26
33 27
28 27
33 28
29 28
34 29
23 29
35 30
25 30
36 25
31 25
37 31
32 31
37 32
26 32
38 26
33 26
38 33
39 33
34 33
29 34
40 35
36 35
37 36
41 37
38 37
42 38
39 38
34 39
23 34
34 23
43 40
36 40
44 36
41 36
37 41
45 37
42 37
45 42
39 42
46 39
47 34
48 34
49 43
44 43
50 44
41 44
51 41
45 41
52 45
53 45
42 45
54 42
46 42
55 46
34 46
56 34
48 47
57 49
50 49
58 50
51 50
59 51
52 51
60 52
53 52
61 53
54 53
62 54
55 54
62 55
56 55
63 56
47 56
64 47
65 48
58 57
59 58
60 59
61 60
62 61
63 62
64 63
65 64
2 3 0 2 1 0 2 0 3 4 3 2 4 3 2 3 1 2 0 1 4 2 4 0 4 1 2 1 2 3 0 3 1 4 2 3 4 2 3 1 2 0 0 3 1 1 4 4 1 2 0 3 4 3 4 2 1 1 4 2 1 4 1 2 0 4