458 993
1 0
22 1
2 1
22 2
3 2
23 3
4 3
24 4
5 4
25 5
6 5
26 6
7 6
27 7
8 7
28 8
9 8
29 9
10 9
30 10
11 10
31 11
12 11
31 12
13 12
32 13
14 13
33 14
15 14
34 15
16 15
35 16
17 16
35 17
18 17
36 18
19 18
36 19
20 19
36 20
21 20
37 21
38 21
39 0
22 0
40 22
41 22
23 22
42 23
24 23
43 24
25 24
44 25
6 25
45 6
46 26
27 26
47 27
28 27
48 28
29 28
49 29
30 29
31 30
50 31
32 31
51 32
33 32
51 33
34 33
52 34
35 34
52 35
53 35
36 35
54 36
55 36
37 36
56 37
38 37
57 38
58 39
40 39
59 40
41 40
60 41
42 41
61 42
43 42
62 43
44 43
63 44
45 44
64 45
46 45
47 46
65 47
48 47
66 48
49 48
67 49
31 49
68 31
69 31
70 50
51 50
71 51
72 51
34 51
72 34
73 52
74 52
53 52
74 53
54 53
75 54
55 54
56 55
76 56
57 56
77 57
59 58
78 59
60 59
79 60
61 60
80 61
62 61
63 62
62 63
64 63
81 64
46 64
82 46
65 46
83 65
66 65
84 66
67 66
68 67
85 68
69 68
86 69
70 69
87 70
71 70
72 71
88 72
89 72
73 72
90 73
74 73
91 74
92 74
75 74
93 75
54 75
93 54
94 55
76 55
95 76
77 76
96 77
97 58
78 58
98 78
79 78
99 79
80 79
100 80
62 80
101 62
102 62
81 62
103 81
82 81
104 82
83 82
105 83
84 83
106 84
67 84
85 67
107 85
86 85
108 86
87 86
109 87
71 87
110 71
88 71
110 88
89 88
111 89
90 89
112 90
91 90
113 91
92 91
114 92
93 92
115 93
94 93
95 94
94 95
96 95
98 97
116 98
99 98
117 99
100 99
118 100
101 100
119 101
102 101
120 102
103 102
120 103
104 103
121 104
105 104
121 105
106 105
122 106
67 106
123 67
107 67
124 107
108 107
125 108
109 108
110 109
126 110
111 110
127 111
112 111
128 112
113 112
129 113
114 113
129 114
93 114
130 93
131 115
94 115
132 94
133 94
96 94
133 96
134 97
116 97
135 116
117 116
136 117
118 117
137 118
119 118
138 119
120 119
139 120
140 120
121 120
141 121
142 121
122 121
143 122
123 122
144 123
124 123
145 124
125 124
145 125
110 125
145 110
146 110
147 126
127 126
148 127
128 127
148 128
129 128
149 129
130 129
150 130
131 130
151 131
132 131
133 132
152 133
153 134
135 134
154 135
136 135
155 136
137 136
156 137
138 137
157 138
139 138
158 139
140 139
159 140
141 140
160 141
142 141
161 142
143 142
162 143
144 143
163 144
145 144
164 145
146 145
165 146
147 146
166 147
148 147
167 148
168 148
149 148
169 149
170 149
150 149
171 150
151 150
172 151
132 151
152 132
173 152
133 152
174 153
154 153
155 154
175 155
156 155
176 156
157 156
177 157
158 157
178 158
159 158
179 159
160 159
179 160
161 160
162 161
161 162
163 162
180 163
164 163
181 164
145 164
182 145
165 145
183 165
166 165
184 166
167 166
185 167
168 167
186 168
169 168
170 169
187 170
171 170
187 171
172 171
188 172
132 172
189 132
173 132
190 173
133 173
191 133
154 174
175 154
176 175
192 176
177 176
193 177
178 177
194 178
179 178
195 179
196 179
161 179
197 161
198 161
180 161
199 180
164 180
200 181
182 181
201 182
183 182
201 183
184 183
202 184
185 184
203 185
186 185
204 186
169 186
205 169
187 169
206 187
207 187
188 187
208 188
189 188
209 189
190 189
209 190
191 190
209 191
210 174
175 174
211 175
212 175
192 175
193 192
213 193
194 193
214 194
195 194
196 195
197 196
215 197
198 197
216 198
199 198
217 199
164 199
201 164
200 164
201 200
218 201
202 201
219 202
203 202
220 203
204 203
221 204
205 204
221 205
206 205
222 206
207 206
223 207
208 207
224 208
209 208
225 209
226 209
227 209
211 210
212 211
228 212
192 212
229 192
213 192
230 213
214 213
231 214
195 214
232 196
215 196
233 215
216 215
234 216
217 216
235 217
201 217
236 201
237 201
238 201
239 218
219 218
240 219
220 219
241 220
221 220
241 221
242 221
222 221
243 222
223 222
224 223
244 224
225 224
245 225
226 225
246 226
227 226
247 227
248 211
228 211
249 228
229 228
249 229
230 229
250 230
231 230
251 231
195 231
252 195
232 195
253 232
233 232
254 233
234 233
255 234
235 234
256 235
236 235
257 236
237 236
238 237
237 238
239 238
258 239
240 239
259 240
241 240
260 241
242 241
261 242
243 242
262 243
223 243
263 223
244 223
264 244
245 244
265 245
246 245
265 246
247 246
266 248
249 248
266 249
267 249
250 249
268 250
251 250
269 251
252 251
270 252
253 252
271 253
254 253
272 254
255 254
272 255
256 255
272 256
257 256
273 257
237 257
274 237
258 237
275 258
259 258
276 259
260 259
277 260
278 260
261 260
278 261
262 261
279 262
263 262
279 263
264 263
280 264
265 264
281 265
247 265
265 247
282 266
283 266
284 266
267 266
285 267
268 267
286 268
269 268
287 269
270 269
271 270
288 271
272 271
288 272
289 272
273 272
290 273
274 273
291 274
237 274
292 237
275 237
293 275
276 275
294 276
277 276
278 277
295 278
296 278
279 278
297 279
298 279
280 279
299 280
281 280
299 281
265 281
300 265
301 265
302 282
283 282
303 283
284 283
285 284
304 285
286 285
287 286
305 287
270 287
306 270
288 270
306 288
307 288
289 288
290 289
308 290
291 290
309 291
292 291
310 292
293 292
311 293
294 293
312 294
277 294
313 277
295 277
296 295
314 296
297 296
315 297
298 297
316 298
299 298
317 299
300 299
318 300
301 300
319 301
320 302
303 302
320 303
284 303
321 284
304 284
321 304
286 304
321 286
305 286
322 305
306 305
323 306
324 306
307 306
325 307
289 307
326 289
308 289
327 308
309 308
328 309
310 309
329 310
311 310
330 311
312 311
331 312
313 312
332 313
295 313
333 295
314 295
333 314
315 314
334 315
316 315
335 316
317 316
299 317
336 299
318 299
337 318
319 318
338 319
339 320
340 320
321 320
341 321
342 321
322 321
323 322
343 323
324 323
325 324
344 325
326 325
345 326
327 326
346 327
328 327
329 328
347 329
330 329
348 330
331 330
349 331
332 331
350 332
333 332
351 333
352 333
334 333
353 334
335 334
317 335
336 317
354 336
337 336
355 337
338 337
356 338
357 339
340 339
321 340
358 321
358 341
342 341
359 342
322 342
360 322
343 322
360 343
361 343
324 343
362 324
344 324
363 344
345 344
364 345
346 345
365 346
328 346
347 328
366 347
348 347
367 348
349 348
368 349
350 349
369 350
351 350
370 351
352 351
371 352
353 352
372 353
335 353
373 335
374 317
354 317
375 354
355 354
375 355
356 355
376 356
377 357
340 357
378 340
358 340
379 358
380 358
359 358
360 359
381 360
361 360
382 361
362 361
383 362
363 362
384 363
364 363
365 364
385 365
328 365
386 328
366 328
367 366
387 367
368 367
369 368
388 369
370 369
389 370
371 370
372 371
390 372
373 372
391 373
374 373
375 374
392 375
376 375
393 376
378 377
394 378
379 378
380 379
359 380
395 359
381 359
396 381
397 381
382 381
398 382
383 382
399 383
384 383
400 384
364 384
385 364
401 385
386 385
366 386
387 366
368 387
387 368
388 368
402 388
389 388
402 389
371 389
403 371
390 371
404 390
391 390
405 391
374 391
406 374
406 375
407 392
393 392
408 393
409 377
394 377
409 394
380 394
410 380
411 380
395 380
396 395
412 396
397 396
413 397
398 397
414 398
399 398
415 399
400 399
416 400
364 400
417 364
401 364
418 401
386 401
419 386
420 366
421 387
422 387
402 387
423 402
424 402
403 402
424 403
404 403
425 404
405 404
426 405
406 405
427 406
407 406
408 407
428 408
429 409
430 409
410 409
431 410
411 410
395 411
432 395
412 395
432 412
413 412
414 413
433 414
415 414
433 415
416 415
434 416
417 416
435 417
418 417
436 418
419 418
437 419
420 419
438 420
421 420
439 421
422 421
439 422
423 422
440 423
424 423
441 424
442 424
425 424
443 425
426 425
443 426
406 426
444 406
445 427
407 427
446 407
428 407
447 428
448 429
430 429
449 430
431 430
411 431
450 411
432 411
451 432
413 432
433 413
452 433
434 433
452 434
435 434
452 435
436 435
452 436
437 436
453 437
438 437
454 438
439 438
455 439
440 439
456 440
441 440
442 441
443 442
444 443
445 444
446 445
457 446
447 446
457 447
449 448
431 449
450 431
451 450
413 451
452 413
453 452
454 453
455 454
439 455
456 439
441 456
444 442
457 445
4 7 5 1 4 5 0 4 1 6 1 0 7 5 3 1 7 3 0 3 1 2 3 7 0 3 6 0 5 1 5 6 2 4 7 2 7 5 4 7 4 6 1 6 4 2 0 7 6 2 5 6 3 4 5 1 0 2 5 7 3 6 5 6 4 6 0 5 1 0 4 3 0 2 6 7 3 7 6 5 4 6 7 3 7 6 5 7 7 5 7 4 3 6 3 5 4 4 5 0 1 7 1 2 3 7 1 2 1 6 1 3 1 2 4 5 6 1 2 4 0 2 3 6 1 4 0 4 7 3 0 7 5 1 7 5 6 3 7 4 5 0 1 4 7 2 0 2 0 5 2 1 3 2 0 4 2 6 0 6 3 4 5 6 7 6 0 5 7 3 0 6 2 6 6 1 7 4 3 5 2 4 3 1 3 4 6 2 5 1 7 0 2 7 0 1 7 6 5 6 1 6 0 5 2 4 5 7 3 2 1 6 3 1 3 0 2 4 2 1 7 1 4 3 6 7 3 7 4 1 4 6 3 4 3 0 1 4 3 7 0 6 7 2 2 6 0 5 4 6 1 5 0 5 6 0 6 0 5 3 2 0 4 6 5 7 0 1 6 4 5 4 2 4 6 2 4 6 7 2 4 2 7 3 5 3 5 2 6 1 0 3 2 6 5 1 4 1 3 1 4 0 2 6 0 4 1 4 5 7 1 0 7 2 5 7 2 6 2 7 4 2 7 5 4 6 5 3 6 0 7 0 4 7 3 7 5 1 6 0 1 7 1 1 5 7 5 5 4 7 1 4 2 1 2 0 7 6 6 4 5 6 2 3 5 2 1 5 0 3 2 4 2 6 4 5 6 4 6 2 3 6 7 4 7 6 3 7 4 1 3 7 2 4 0 0 3 7 4 2 0 1 2 0 6 4 0 4 7 2 7 6 2 1 2 1 2 4 5 2 4 0 2 7 3 0 6 6 6 1 6 2 3 4 1 6 7 5 3 1 3 2 0 2 5 0 1 0 4 3 3 7 0 4 1 7 0 4