498 1047
24 0
25 0
1 0
26 1
2 1
27 2
3 2
28 3
4 3
29 4
5 4
30 5
6 5
31 6
7 6
32 7
8 7
33 8
9 8
34 9
10 9
35 10
11 10
36 11
12 11
37 12
13 12
38 13
14 13
39 14
15 14
16 15
17 16
18 17
40 18
19 18
41 19
20 19
42 20
21 20
43 21
22 21
23 22
44 23
25 24
45 25
26 25
46 26
27 26
47 27
28 27
29 28
48 29
30 29
49 30
31 30
50 31
32 31
50 32
33 32
51 33
34 33
52 34
35 34
36 35
35 36
37 36
53 37
38 37
54 38
39 38
55 39
16 39
55 16
40 17
56 40
41 40
57 41
42 41
57 42
43 42
58 43
22 43
59 22
44 22
60 44
61 24
45 24
62 45
46 45
63 46
47 46
64 47
28 47
48 28
65 48
49 48
66 49
50 49
67 50
68 50
51 50
69 51
52 51
70 52
35 52
70 35
71 35
53 35
72 53
54 53
73 54
55 54
74 55
75 55
76 55
17 55
77 17
56 17
78 56
57 56
79 57
58 57
80 58
59 58
81 59
60 59
82 60
83 61
62 61
83 62
63 62
84 63
64 63
85 64
28 64
86 28
65 28
66 65
87 66
67 66
88 67
68 67
89 68
69 68
90 69
70 69
91 70
92 70
71 70
93 71
72 71
94 72
73 72
74 73
95 74
75 74
96 75
76 75
97 76
77 76
98 77
78 77
99 78
57 78
100 57
101 79
80 79
102 80
81 80
103 81
82 81
104 82
105 83
106 83
84 83
107 84
85 84
108 85
86 85
109 86
65 86
87 65
88 87
110 88
89 88
90 89
89 90
91 90
111 91
92 91
112 92
93 92
113 93
94 93
114 94
73 94
114 73
95 73
115 95
96 95
116 96
97 96
98 97
117 98
99 98
117 99
100 99
118 100
101 100
119 101
102 101
120 102
103 102
121 103
104 103
122 104
123 105
106 105
124 106
107 106
125 107
108 107
126 108
109 108
127 109
65 109
128 65
129 87
110 87
130 110
89 110
131 89
111 89
132 111
112 111
133 112
113 112
134 113
114 113
115 114
116 115
135 116
97 116
136 97
117 97
137 117
118 117
138 118
119 118
139 119
120 119
139 120
121 120
140 121
122 121
141 122
142 123
124 123
143 124
125 124
144 125
126 125
144 126
127 126
144 127
128 127
145 128
129 128
146 129
130 129
147 130
131 130
148 131
149 131
132 131
133 132
150 133
134 133
151 134
115 134
152 115
153 115
154 115
135 115
155 135
136 135
156 136
137 136
156 137
117 137
157 117
138 117
158 138
139 138
159 139
160 139
140 139
161 140
141 140
162 141
163 142
143 142
164 143
144 143
164 144
165 144
145 144
165 145
146 145
166 146
147 146
167 147
148 147
168 148
149 148
169 149
132 149
170 132
150 132
171 150
151 150
172 151
152 151
173 152
153 152
174 153
154 153
155 154
175 155
156 155
175 156
157 156
176 157
158 157
177 158
159 158
178 159
160 159
178 160
161 160
179 161
162 161
180 162
181 163
164 163
182 164
183 164
165 164
184 165
166 165
167 166
168 167
185 168
169 168
170 169
171 170
186 171
172 171
187 172
173 172
188 173
174 173
189 174
154 174
190 154
175 154
191 175
192 175
156 175
193 156
176 156
194 176
177 176
194 177
178 177
194 178
195 178
179 178
180 179
196 180
197 181
182 181
198 182
183 182
199 183
165 183
200 165
201 184
167 184
202 167
185 167
170 185
203 170
204 170
186 170
205 186
187 186
206 187
188 187
207 188
189 188
190 189
208 190
191 190
209 191
192 191
210 192
193 192
211 193
194 193
212 194
213 194
195 194
179 195
214 179
196 179
215 196
198 197
216 198
199 198
217 199
165 199
218 200
201 200
218 201
167 201
219 167
220 202
185 202
221 185
203 185
222 203
204 203
223 204
205 204
224 205
206 205
225 206
207 206
226 207
189 207
227 189
208 189
228 208
209 208
229 209
210 209
230 210
211 210
231 211
212 211
194 212
232 194
232 213
195 213
233 195
214 195
234 214
215 214
235 215
236 197
216 197
237 216
217 216
238 217
165 217
239 165
218 165
240 218
219 218
220 219
241 220
221 220
242 221
222 221
243 222
223 222
244 223
224 223
245 224
225 224
246 225
226 225
246 226
227 226
247 227
228 227
229 228
248 229
230 229
249 230
231 230
250 231
212 231
251 212
232 212
252 232
253 232
233 232
254 233
234 233
254 234
235 234
255 235
237 236
256 237
238 237
257 238
239 238
240 239
258 240
218 240
259 218
260 219
241 219
261 241
242 241
262 242
243 242
263 243
244 243
263 244
245 244
264 245
246 245
264 246
265 246
247 246
266 247
228 247
267 228
248 228
268 248
249 248
269 249
250 249
270 250
251 250
271 251
252 251
272 252
253 252
254 253
273 254
274 254
255 254
275 255
276 236
256 236
277 256
257 256
278 257
239 257
279 239
258 239
280 258
259 258
260 259
281 260
261 260
282 261
262 261
283 262
263 262
284 263
264 263
285 264
286 264
265 264
287 265
266 265
287 266
267 266
288 267
268 267
288 268
269 268
289 269
270 269
290 270
271 270
291 271
272 271
292 272
253 272
293 253
273 253
294 273
274 273
295 274
275 274
296 275
297 276
277 276
298 277
278 277
299 278
279 278
300 279
280 279
301 280
259 280
302 259
281 259
303 281
282 281
304 282
283 282
305 283
284 283
305 284
306 284
285 284
307 285
286 285
308 286
287 286
309 287
310 287
288 287
311 288
312 288
289 288
313 289
290 289
313 290
291 290
314 291
292 291
315 292
293 292
316 293
294 293
317 294
295 294
318 295
296 295
318 296
298 297
299 298
319 299
300 299
320 300
301 300
321 301
302 301
322 302
303 302
323 303
304 303
324 304
305 304
325 305
306 305
326 306
307 306
327 307
308 307
328 308
309 308
329 309
310 309
311 310
310 311
312 311
330 312
313 312
331 313
314 313
332 314
315 314
316 315
317 316
333 317
318 317
334 318
335 318
336 298
337 298
319 298
338 319
320 319
339 320
321 320
340 321
322 321
341 322
323 322
342 323
324 323
343 324
325 324
344 325
326 325
345 326
327 326
346 327
328 327
347 328
329 328
348 329
310 329
349 310
350 310
330 310
351 330
313 330
352 313
353 331
332 331
354 332
316 332
355 316
356 316
333 316
357 333
334 333
358 334
335 334
359 336
337 336
360 337
338 337
361 338
339 338
362 339
340 339
341 340
363 341
342 341
363 342
343 342
364 343
325 343
365 325
366 344
345 344
367 345
346 345
368 346
347 346
348 347
369 348
349 348
370 349
350 349
371 350
351 350
372 351
352 351
373 352
353 352
374 353
354 353
375 354
355 354
376 355
356 355
377 356
357 356
378 357
358 357
379 358
335 358
380 335
361 359
360 359
361 360
362 361
381 362
340 362
382 340
363 340
383 363
384 363
364 363
385 364
365 364
386 365
366 365
386 366
367 366
386 367
368 367
387 368
347 368
388 347
369 347
389 369
370 369
390 370
371 370
372 371
391 372
373 372
392 373
374 373
393 374
375 374
393 375
376 375
394 376
377 376
394 377
378 377
395 378
379 378
396 379
380 379
397 380
398 361
399 361
400 361
381 361
400 381
382 381
383 382
401 383
384 383
402 384
385 384
403 385
386 385
404 386
387 386
405 387
388 387
406 388
389 388
407 389
390 389
408 390
371 390
409 371
391 371
410 391
392 391
411 392
393 392
412 393
413 393
394 393
414 394
415 394
395 394
415 395
396 395
416 396
397 396
417 398
399 398
418 399
400 399
419 400
420 400
382 400
421 382
401 382
402 401
422 402
403 402
422 403
386 403
423 386
424 404
386 404
425 386
405 386
426 405
406 405
427 406
407 406
428 407
408 407
429 408
409 408
430 409
410 409
430 410
411 410
431 411
412 411
432 412
413 412
432 413
414 413
433 414
415 414
434 415
435 415
416 415
436 416
397 416
437 397
438 417
418 417
439 418
419 418
420 419
421 420
420 421
401 421
440 401
422 401
441 422
442 422
423 422
424 423
443 424
425 424
443 425
426 425
444 426
427 426
445 427
428 427
446 428
429 428
446 429
430 429
447 430
448 430
431 430
432 431
449 432
450 432
433 432
434 433
451 434
435 434
452 435
436 435
453 436
437 436
454 437
455 438
439 438
456 439
419 439
457 419
458 420
459 420
440 420
460 440
441 440
461 441
442 441
462 442
423 442
463 423
443 423
464 443
465 443
444 443
466 444
445 444
467 445
446 445
468 446
469 446
447 446
470 447
448 447
471 448
431 448
472 431
449 431
450 449
473 450
433 450
474 433
451 433
475 451
452 451
476 452
453 452
477 453
454 453
477 454
478 455
456 455
479 456
457 456
480 457
458 457
481 458
459 458
482 459
460 459
483 460
461 460
462 461
484 462
463 462
485 463
464 463
486 464
465 464
487 465
466 465
488 466
467 466
468 467
489 468
469 468
490 469
470 469
491 470
471 470
472 471
471 472
449 472
492 449
473 449
493 473
474 473
494 474
475 474
495 475
476 475
496 476
477 476
497 477
479 478
480 479
481 480
482 481
483 482
461 483
484 461
485 484
486 485
487 486
488 487
467 488
489 467
490 489
491 490
471 491
492 471
493 492
494 493
495 494
496 495
497 496
477 497
4 1 0 6 7 6 5 7 5 2 5 4 6 4 5 6 7 0 6 4 3 1 4 6 2 3 6 4 3 4 1 3 2 3 4 2 0 4 1 4 2 5 0 6 2 1 0 6 7 3 0 6 1 6 4 1 1 2 3 2 3 3 5 3 5 1 2 6 5 1 5 6 1 3 7 6 2 3 4 6 2 6 0 1 2 6 4 5 4 2 4 3 7 3 6 6 3 4 0 3 6 2 3 4 2 0 3 5 0 2 7 6 2 4 0 4 0 6 3 6 4 6 7 6 5 6 2 4 5 0 2 1 3 1 2 7 5 1 2 3 4 6 2 7 3 0 3 0 2 4 2 5 7 2 0 6 4 2 7 5 2 7 3 0 4 2 6 2 4 6 5 6 2 6 4 2 6 0 4 5 1 5 1 3 6 3 2 4 7 6 1 4 0 7 5 7 4 3 5 7 3 5 7 7 4 6 2 0 3 1 6 1 0 1 1 0 1 6 0 5 0 7 0 7 0 6 1 4 5 6 3 5 3 2 7 3 4 0 7 5 3 3 0 4 5 4 7 2 0 7 4 1 6 2 3 6 2 1 7 3 0 5 1 0 1 3 6 0 7 5 3 7 4 1 2 4 6 0 2 7 2 2 4 7 3 5 3 5 6 1 5 6 3 1 3 5 7 3 2 0 1 4 7 5 0 2 1 4 0 4 0 1 4 0 3 5 7 2 6 7 0 1 5 2 5 7 3 5 6 1 6 6 1 0 1 2 4 3 6 7 6 3 6 1 4 2 0 5 6 3 5 3 4 2 5 4 2 4 6 0 6 7 2 0 6 1 0 5 6 2 4 7 4 5 4 2 1 3 0 5 7 1 7 2 4 1 4 7 4 1 5 1 2 0 7 2 0 2 2 6 4 3 6 2 5 1 2 4 1 2 0 1 6 2 4 1 4 3 5 0 5 4 7 5 6 2 3 5 3 6 3 4 7 1 0 2 0 5 2 3 1 3 1 4 0 1 5 6 1 3 5 3 7 3 0 4 5 7 6 2 0 4 7 6 7 6 3 6 3 6 2 7 6 4 3 0 4 1 1 6 2 4 7 3 2 7 5 2 4 5 1 5 5 3 7 6 1 0