500 1053
1 0
20 1
2 1
21 2
3 2
22 3
4 3
5 4
23 5
6 5
7 6
24 7
25 7
8 7
25 8
9 8
26 9
10 9
27 10
11 10
28 11
29 11
12 11
30 12
13 12
31 13
14 13
32 14
15 14
33 15
34 15
16 15
35 16
17 16
36 17
18 17
37 18
38 18
19 18
38 19
39 19
40 0
20 0
41 20
21 20
42 21
22 21
42 22
4 22
43 4
23 4
6 23
23 6
24 6
44 24
25 24
45 25
46 25
26 25
47 26
27 26
48 27
28 27
49 28
29 28
50 29
30 29
51 30
31 30
52 31
32 31
53 32
33 32
54 33
34 33
55 34
35 34
36 35
56 36
37 36
57 37
38 37
58 38
59 38
39 38
60 40
41 40
42 41
41 42
61 42
43 42
62 43
23 43
63 23
44 23
45 44
46 45
45 46
47 46
64 47
48 47
49 48
50 49
65 50
51 50
66 51
52 51
67 52
53 52
54 53
68 54
55 54
69 55
35 55
70 35
56 35
70 56
57 56
71 57
58 57
72 58
59 58
73 59
39 59
74 39
41 60
75 41
76 41
61 41
77 61
62 61
78 62
63 62
79 63
44 63
80 44
81 44
82 45
83 45
64 45
84 64
48 64
85 48
86 49
65 49
87 65
66 65
88 66
67 66
88 67
53 67
89 53
68 53
90 68
69 68
91 69
70 69
92 70
93 70
71 70
94 71
72 71
95 72
73 72
96 73
74 73
97 74
98 60
75 60
76 75
77 76
76 77
78 77
79 78
99 79
80 79
100 80
81 80
101 81
82 81
83 82
102 83
84 83
103 84
85 84
104 85
86 85
105 86
87 86
106 87
88 87
107 88
108 88
89 88
109 89
90 89
110 90
91 90
111 91
92 91
93 92
94 93
112 94
95 94
113 95
96 95
114 96
97 96
115 97
116 98
76 98
117 76
118 76
119 76
78 76
120 78
99 78
121 99
100 99
101 100
122 101
82 101
122 82
102 82
123 102
103 102
124 103
104 103
125 104
105 104
126 105
106 105
127 106
107 106
128 107
108 107
128 108
109 108
129 109
110 109
130 110
111 110
130 111
93 111
131 93
132 93
112 93
133 112
113 112
134 113
114 113
115 114
135 115
136 116
117 116
137 117
118 117
137 118
119 118
138 119
120 119
139 120
121 120
140 121
100 121
122 100
141 122
123 122
142 123
124 123
143 124
125 124
144 125
126 125
144 126
127 126
145 127
128 127
146 128
129 128
130 129
147 130
131 130
148 131
132 131
149 132
133 132
134 133
150 134
114 134
151 114
135 114
152 135
153 136
137 136
154 137
155 137
138 137
155 138
139 138
156 139
140 139
157 140
122 140
158 122
159 122
142 141
160 142
143 142
161 143
144 143
162 144
163 144
145 144
164 145
146 145
164 146
128 146
165 128
130 128
166 130
167 147
148 147
149 148
168 149
133 149
169 133
150 133
170 150
151 150
171 151
152 151
172 153
154 153
173 154
155 154
174 155
175 155
156 155
176 156
157 156
177 157
158 157
178 158
159 158
179 159
141 159
180 141
160 141
181 160
161 160
182 161
162 161
183 162
163 162
184 163
164 163
185 164
165 164
186 165
130 165
186 130
187 166
167 166
188 167
148 167
189 148
168 148
190 168
169 168
191 169
170 169
192 170
171 170
193 171
152 171
194 152
195 172
173 172
196 173
174 173
196 174
175 174
197 175
176 175
198 176
177 176
199 177
178 177
200 178
179 178
180 179
179 180
181 180
201 181
182 181
202 182
183 182
203 183
184 183
204 184
185 184
205 185
164 185
186 164
206 186
207 186
187 186
188 187
189 188
208 189
190 189
191 190
209 191
192 191
193 192
192 193
194 193
210 194
211 195
196 195
212 196
213 196
197 196
214 197
198 197
199 198
215 199
200 199
216 200
179 200
217 179
218 179
201 179
219 201
202 201
219 202
203 202
220 203
204 203
221 204
205 204
222 205
164 205
223 164
206 164
224 206
207 206
187 207
225 188
208 188
226 208
190 208
227 190
209 190
227 209
192 209
228 192
229 192
210 192
230 210
231 211
212 211
232 212
213 212
233 213
214 213
234 214
198 214
235 198
215 198
236 215
216 215
237 216
217 216
238 217
218 217
239 218
219 218
240 219
241 219
220 219
242 220
221 220
243 221
222 221
244 222
223 222
244 223
224 223
245 224
207 224
246 207
247 187
225 187
247 225
226 225
248 226
227 226
249 227
250 227
228 227
251 228
229 228
252 229
230 229
253 230
254 231
232 231
254 232
233 232
255 233
234 233
256 234
235 234
257 235
236 235
258 236
237 236
259 237
238 237
260 238
239 238
261 239
240 239
241 240
262 241
242 241
263 242
243 242
244 243
264 244
245 244
246 245
265 246
247 246
266 247
267 247
248 247
268 248
249 248
269 249
250 249
270 250
251 250
252 251
271 252
253 252
272 253
273 254
274 254
255 254
256 255
275 256
257 256
276 257
258 257
277 258
259 258
278 259
260 259
261 260
279 261
240 261
280 240
262 240
281 262
263 262
282 263
243 263
282 243
264 243
283 264
244 264
284 244
285 245
265 245
286 265
266 265
287 266
267 266
288 267
268 267
288 268
269 268
289 269
270 269
290 270
251 270
291 251
271 251
292 271
272 271
293 272
294 273
274 273
255 274
275 255
295 275
276 275
296 276
277 276
297 277
278 277
298 278
260 278
299 260
279 260
300 279
280 279
301 280
281 280
301 281
282 281
302 282
303 282
283 282
304 283
284 283
305 284
285 284
306 285
286 285
307 286
287 286
308 287
288 287
308 288
309 288
289 288
310 289
290 289
311 290
291 290
312 291
292 291
313 292
293 292
314 293
315 294
274 294
274 255
295 255
274 295
296 295
316 296
297 296
298 297
317 298
299 298
318 299
300 299
319 300
301 300
320 301
321 301
302 301
322 302
303 302
323 303
304 303
324 304
305 304
325 305
306 305
325 306
307 306
326 307
308 307
327 308
328 308
309 308
329 309
310 309
330 310
311 310
331 311
312 311
332 312
313 312
314 313
333 314
334 315
274 315
335 274
336 274
337 274
316 274
338 316
297 316
339 297
317 297
340 317
318 317
340 318
319 318
341 319
320 319
342 320
321 320
343 321
322 321
344 322
323 322
345 323
324 323
346 324
325 324
347 325
326 325
348 326
327 326
349 327
328 327
350 328
329 328
351 329
330 329
352 330
331 330
353 331
332 331
354 332
313 332
355 313
333 313
356 333
357 334
335 334
358 335
336 335
337 336
338 337
359 338
339 338
360 339
340 339
361 340
341 340
362 341
342 341
363 342
343 342
364 343
344 343
345 344
365 345
346 345
366 346
347 346
367 347
325 347
368 325
348 325
369 348
349 348
369 349
350 349
370 350
351 350
371 351
352 351
353 352
354 353
353 354
355 354
372 355
356 355
373 356
374 357
358 357
375 358
337 358
376 337
377 337
359 337
378 359
360 359
379 360
361 360
380 361
362 361
381 362
363 362
381 363
364 363
344 364
365 344
382 365
366 365
367 366
368 367
383 368
369 368
384 369
385 369
370 369
371 370
386 371
353 371
387 353
388 353
372 353
389 372
373 372
390 373
391 374
375 374
392 375
376 375
393 376
377 376
394 377
378 377
395 378
379 378
396 379
361 379
397 361
398 380
381 380
399 381
344 381
400 344
401 344
382 344
402 382
366 382
403 366
404 367
383 367
405 383
384 383
406 384
385 384
407 385
370 385
408 370
386 370
409 386
353 386
410 353
411 387
388 387
412 388
389 388
413 389
390 389
414 390
415 391
392 391
416 392
393 392
394 393
417 394
395 394
418 395
396 395
419 396
397 396
420 397
398 397
421 398
381 398
422 381
423 399
400 399
423 400
401 400
424 401
402 401
424 402
403 402
425 403
404 403
426 404
405 404
427 405
406 405
428 406
407 406
429 407
408 407
430 408
409 408
431 409
410 409
432 410
411 410
433 411
412 411
434 412
413 412
435 413
414 413
436 414
437 415
416 415
438 416
393 416
439 393
417 393
440 417
418 417
441 418
419 418
442 419
420 419
443 420
421 420
444 421
422 421
445 422
423 422
446 423
447 423
424 423
448 424
425 424
449 425
426 425
450 426
427 426
451 427
428 427
452 428
429 428
453 429
430 429
454 430
431 430
455 431
432 431
456 432
433 432
457 433
434 433
458 434
435 434
459 435
436 435
460 436
461 437
438 437
461 438
439 438
462 439
440 439
463 440
441 440
463 441
442 441
464 442
443 442
464 443
444 443
465 444
445 444
466 445
446 445
467 446
447 446
468 447
448 447
469 448
424 448
449 424
470 449
450 449
451 450
471 451
452 451
472 452
453 452
473 453
454 453
474 454
455 454
475 455
456 455
476 456
457 456
477 457
458 457
478 458
459 458
460 459
479 460
480 461
481 461
462 461
482 462
463 462
483 463
484 463
464 463
485 464
486 464
465 464
487 465
466 465
488 466
467 466
489 467
468 467
490 468
469 468
491 469
424 469
492 424
470 424
493 470
450 470
471 450
494 471
472 471
473 472
495 473
474 473
495 474
475 474
496 475
476 475
477 476
497 477
478 477
497 478
459 478
498 459
479 459
499 479
481 480
482 481
483 482
484 483
485 484
486 485
487 486
488 487
489 488
490 489
491 490
492 491
493 492
450 493
494 450
472 494
495 472
496 495
476 496
497 476
498 497
499 498
1 3 5 0 7 5 0 5 1 0 2 0 1 4 0 3 7 4 1 7 6 7 1 1 1 3 2 1 7 6 2 7 3 5 1 6 1 0 6 2 0 1 2 5 4 1 0 3 2 5 4 1 3 5 3 7 4 3 4 1 2 6 1 2 5 6 5 0 6 0 2 7 0 2 3 6 5 1 4 0 7 6 0 6 3 1 0 3 7 0 1 7 1 0 4 5 4 1 0 5 1 7 1 2 3 4 6 4 6 2 3 1 7 1 7 3 1 7 2 4 1 2 3 2 7 6 5 2 1 5 4 1 7 3 5 5 2 0 5 3 1 1 7 4 2 6 5 5 7 4 1 3 6 1 7 6 7 2 1 7 0 5 1 7 0 6 3 2 2 7 2 0 7 2 0 2 5 1 0 4 6 2 1 3 0 2 1 0 6 2 7 1 0 7 3 0 4 5 2 0 7 1 0 6 5 7 3 6 0 3 4 7 2 0 4 3 6 0 2 3 4 3 2 6 1 3 2 4 1 2 3 1 0 1 0 1 7 0 7 0 6 0 7 5 1 5 3 5 3 5 2 4 1 4 2 5 6 7 2 6 3 1 1 4 7 7 2 3 0 3 1 6 1 7 3 1 6 4 2 0 3 5 3 2 7 2 4 5 6 4 0 7 1 5 5 6 3 5 1 2 1 2 4 2 0 1 6 5 4 7 2 7 3 7 6 0 7 2 4 6 0 7 5 4 3 4 1 0 3 6 1 5 4 1 5 1 5 6 4 7 1 4 5 3 4 6 4 6 6 7 1 4 0 2 6 1 7 6 4 3 1 2 1 6 0 1 0 2 5 4 2 6 6 4 3 5 1 0 2 7 6 3 3 7 5 6 0 6 7 2 0 0 1 3 7 4 0 4 7 6 7 0 1 5 3 2 0 1 4 5 4 5 4 6 7 7 6 4 1 4 0 6 5 1 4 0 7 6 5 0 5 0 7 1 6 3 6 4 0 7 0 5 0 5 4 2 4 0 3 3 2 4 0 6 1 2 5 6 3 7 4 2 0 1 3 1 4 0 7 1 1 5 6 0 5 3 7 4 5 1 6 7 1 5 3 1 6 2 6 5 2 0 2 3 0 2 1 3 1 0