453 988
22 0
1 0
23 1
2 1
24 2
3 2
4 3
25 4
5 4
6 5
7 6
26 7
8 7
26 8
9 8
27 9
10 9
28 10
11 10
29 11
12 11
30 12
13 12
31 13
14 13
32 14
33 14
15 14
34 15
16 15
35 16
17 16
36 17
18 17
37 18
19 18
38 19
20 19
39 20
40 20
21 20
41 21
23 22
22 23
24 23
3 24
25 3
42 25
5 25
26 6
43 26
27 26
44 27
28 27
29 28
45 29
30 29
46 30
31 30
47 31
32 31
48 32
14 32
49 14
50 33
34 33
51 34
35 34
52 35
36 35
37 36
53 37
38 37
54 38
39 38
55 39
40 39
56 40
41 40
57 41
58 22
59 22
24 22
60 24
60 3
42 3
6 42
61 6
43 6
62 43
63 43
44 43
64 44
28 44
65 28
45 28
66 45
46 45
67 46
47 46
68 47
48 47
49 48
69 49
50 49
70 50
51 50
71 51
52 51
36 52
72 36
53 36
73 53
54 53
74 54
55 54
75 55
56 55
76 56
57 56
77 57
78 58
59 58
60 59
79 60
42 60
80 42
61 42
6 61
81 6
62 6
82 62
63 62
64 63
83 64
65 64
84 65
66 65
84 66
67 66
85 67
68 67
48 68
86 48
69 48
87 69
70 69
88 70
71 70
89 71
52 71
90 52
72 52
91 72
73 72
92 73
74 73
93 74
75 74
93 75
76 75
94 76
77 76
95 77
96 78
59 78
97 59
79 59
60 79
98 60
80 60
99 80
61 80
99 61
81 61
82 81
81 82
63 82
81 63
83 63
100 83
84 83
101 84
85 84
102 85
68 85
103 68
86 68
104 86
87 86
104 87
88 87
104 88
89 88
105 89
90 89
105 90
91 90
106 91
92 91
107 92
93 92
107 93
94 93
108 94
95 94
108 95
97 96
109 97
79 97
98 79
110 98
99 98
111 99
81 99
112 81
113 81
114 81
100 81
115 100
84 100
116 84
102 101
117 102
103 102
118 103
104 103
119 104
120 104
121 104
105 104
122 105
106 105
123 106
107 106
124 107
125 107
93 107
126 93
108 93
127 108
128 108
129 96
109 96
130 109
79 109
131 79
110 79
132 110
111 110
133 111
99 111
112 99
134 112
113 112
135 113
114 113
136 114
115 114
136 115
116 115
137 116
101 116
138 101
117 101
138 117
118 117
139 118
119 118
120 119
140 120
121 120
141 121
122 121
142 122
143 122
123 122
124 123
125 124
144 125
126 125
145 126
127 126
146 127
128 127
147 128
148 129
130 129
149 130
131 130
150 131
132 131
151 132
133 132
152 133
99 133
134 99
135 134
153 135
136 135
154 136
137 136
155 137
138 137
156 138
139 138
157 139
119 139
158 119
140 119
159 140
141 140
160 141
142 141
161 142
143 142
123 143
143 123
143 124
144 124
162 144
145 144
163 145
146 145
164 146
147 146
165 148
149 148
165 149
150 149
166 150
151 150
167 151
152 151
168 152
134 152
169 134
170 134
153 134
171 153
154 153
172 154
173 154
155 154
174 155
138 155
157 156
158 157
157 158
159 158
157 159
160 159
161 160
175 161
143 161
176 143
177 143
162 143
178 162
163 162
179 163
164 163
180 164
147 164
181 147
182 165
166 165
167 166
168 167
183 168
169 168
184 169
170 169
184 170
171 170
185 171
172 171
186 172
173 172
187 173
174 173
188 174
138 174
189 138
190 156
191 157
192 157
160 157
193 160
175 160
194 175
176 175
195 176
177 176
196 177
143 177
197 143
178 143
179 178
180 179
181 180
165 182
198 165
167 165
199 167
200 167
183 167
201 183
184 183
202 184
203 184
185 184
204 185
186 185
205 186
187 186
205 187
188 187
206 188
189 188
207 189
190 189
208 190
157 190
209 157
192 191
210 192
193 192
210 193
194 193
210 194
195 194
211 195
196 195
212 196
197 196
213 197
178 197
214 178
180 178
215 180
216 180
217 182
198 182
199 198
200 199
199 200
201 200
218 201
202 201
219 202
203 202
220 203
204 203
221 204
205 204
222 205
223 205
206 205
224 206
207 206
224 207
208 207
224 208
209 208
225 209
191 209
225 191
210 191
225 210
226 210
227 210
211 210
227 211
212 211
228 212
213 212
229 213
214 213
230 214
215 214
231 215
216 215
231 216
181 216
232 181
199 217
233 199
234 199
218 199
235 218
219 218
236 219
220 219
237 220
221 220
238 221
222 221
239 222
223 222
240 223
224 223
240 224
241 224
225 224
242 225
243 225
226 225
244 226
227 226
245 227
228 227
246 228
229 228
247 229
230 229
248 230
231 230
249 231
250 231
232 231
251 232
252 199
234 233
253 234
235 234
236 235
235 236
237 236
238 237
239 238
254 239
240 239
255 240
256 240
224 240
257 224
242 241
258 242
243 242
225 243
259 225
244 225
245 244
260 245
227 245
261 227
246 227
247 246
248 247
247 248
249 248
247 249
250 249
262 250
251 250
263 252
233 252
264 233
265 233
253 233
235 253
266 235
267 235
238 235
268 238
269 238
254 238
269 254
255 254
270 255
256 255
271 256
257 256
272 257
241 257
272 241
258 241
273 258
243 258
274 243
259 243
275 259
244 259
276 244
260 244
277 260
261 260
278 261
247 261
279 247
280 247
281 247
282 247
262 247
283 262
251 262
283 251
284 263
264 263
285 264
265 264
286 265
253 265
287 253
266 253
288 266
267 266
289 267
268 267
290 268
269 268
291 269
292 269
270 269
293 270
271 270
294 271
272 271
295 272
273 272
296 273
274 273
297 274
275 274
298 275
276 275
299 276
277 276
300 277
278 277
301 278
279 278
302 279
280 279
303 280
281 280
304 281
282 281
305 282
283 282
306 283
307 284
285 284
308 285
286 285
287 286
309 287
288 287
310 288
289 288
311 289
290 289
312 290
291 290
313 291
292 291
314 292
293 292
315 293
294 293
316 294
295 294
317 295
318 295
296 295
319 296
297 296
319 297
298 297
320 298
299 298
321 299
300 299
301 300
322 301
302 301
323 302
303 302
324 303
304 303
325 304
305 304
326 305
306 305
283 306
327 283
328 307
308 307
329 308
286 308
330 286
309 286
331 309
310 309
332 310
311 310
332 311
312 311
333 312
313 312
334 313
314 313
335 314
315 314
336 315
316 315
337 316
317 316
338 317
318 317
339 318
319 318
340 319
341 319
320 319
342 320
321 320
342 321
300 321
343 300
322 300
344 322
323 322
324 323
345 324
325 324
346 325
326 325
347 326
306 326
347 306
327 306
348 327
329 328
349 329
330 329
349 330
331 330
332 331
350 332
333 332
334 333
335 334
334 335
336 335
351 336
337 336
352 337
338 337
353 338
339 338
354 339
340 339
341 340
355 341
342 341
356 342
357 342
343 342
358 343
344 343
359 344
323 344
360 323
345 323
346 345
361 346
347 346
362 347
348 347
363 348
364 328
349 328
364 349
331 349
365 331
350 331
366 350
332 350
367 332
368 333
369 334
351 334
370 351
352 351
371 352
353 352
372 353
354 353
373 354
340 354
355 340
340 355
356 355
374 356
357 356
375 357
358 357
375 358
359 358
376 359
360 359
377 360
345 360
378 345
361 345
379 361
362 361
380 362
381 362
363 362
381 363
382 364
349 364
383 349
365 349
383 365
366 365
384 366
367 366
385 367
368 367
386 368
334 368
387 334
370 369
371 370
388 371
372 371
389 372
373 372
390 373
340 373
391 340
374 340
392 374
375 374
393 375
376 375
394 376
377 376
395 377
378 377
396 378
379 378
397 379
380 379
398 380
381 380
399 381
400 382
383 382
401 383
402 383
384 383
403 384
385 384
404 385
386 385
387 386
369 387
405 369
406 370
388 370
407 388
389 388
390 389
408 390
391 390
408 391
409 391
392 391
410 392
375 392
410 375
411 393
394 393
412 394
395 394
396 395
397 396
398 397
413 398
381 398
414 399
415 400
382 400
415 382
401 382
416 401
402 401
417 402
403 402
418 403
404 403
419 404
386 404
420 386
421 387
405 387
421 405
406 405
422 406
407 406
423 407
389 407
424 389
408 389
424 408
425 408
409 408
425 409
410 409
425 410
426 410
411 410
427 411
412 411
428 412
396 412
429 396
430 397
413 397
431 413
381 413
431 381
414 381
432 414
433 415
434 415
416 415
435 416
417 416
418 417
436 418
419 418
437 419
420 419
421 420
438 421
439 421
422 421
439 422
423 422
440 423
424 423
441 424
442 424
425 424
443 425
426 425
444 426
427 426
445 427
428 427
446 428
429 428
447 429
448 429
430 429
449 430
431 430
450 431
451 431
432 431
452 432
434 433
435 434
417 435
436 417
437 436
420 437
438 420
439 438
440 439
441 440
442 441
425 442
444 443
445 444
446 445
447 446
448 447
449 448
450 449
451 450
452 451
1 6 2 5 1 2 0 3 0 7 2 7 2 1 0 3 1 4 7 4 1 7 6 4 0 4 5 3 0 5 3 0 2 1 7 0 3 1 2 6 5 4 6 3 4 7 5 2 5 3 2 6 7 5 3 0 7 5 1 0 3 2 6 0 6 1 4 0 4 4 0 3 5 6 2 7 1 3 6 5 1 4 2 4 7 1 6 7 6 2 1 4 2 0 7 0 3 7 7 0 2 1 2 3 5 6 7 6 2 0 0 5 7 2 7 3 0 3 1 4 2 4 1 0 4 5 3 7 5 7 6 0 7 1 6 0 6 2 4 3 0 3 7 6 6 1 0 7 4 0 2 6 2 1 2 1 7 1 0 5 4 3 1 7 6 6 3 2 5 3 7 2 1 5 3 5 2 3 3 1 7 5 1 3 6 7 0 7 5 7 5 2 7 1 2 7 4 2 0 7 4 2 4 7 6 2 3 5 0 7 3 2 6 5 1 0 1 0 6 0 1 5 0 5 7 5 4 5 4 1 5 7 2 3 5 4 2 5 0 6 1 3 1 4 0 4 7 6 2 0 5 0 0 6 2 4 0 1 2 6 5 0 1 3 6 0 0 3 1 6 0 2 7 5 3 7 5 0 1 7 2 4 5 6 1 2 6 0 3 4 7 1 5 1 5 3 0 2 5 3 5 4 5 6 5 4 2 7 1 4 2 0 2 3 7 0 3 0 5 7 3 6 1 7 0 2 5 0 0 4 1 0 7 6 4 0 6 0 3 2 5 1 0 6 3 5 6 4 2 6 1 2 3 5 0 2 5 6 4 1 6 7 5 3 4 5 3 6 2 5 0 1 7 2 4 0 6 7 3 4 1 0 6 3 2 0 6 0 6 1 7 0 5 5 2 6 1 6 7 5 3 5 2 5 2 3 6 3 6 7 1 3 4 3 1 2 0 3 0 6 5 1 4 1 7 0 3 2 3 0 2 7 3 1 7 1 6 7 4 0 3 1 3 3 7 1 5 4 2 6 4 5 1