459 995
1 0
21 1
2 1
22 2
3 2
22 3
4 3
22 4
5 4
6 5
23 6
24 6
7 6
25 7
8 7
9 8
26 9
27 9
28 9
10 9
28 10
11 10
29 11
12 11
30 12
13 12
31 13
14 13
31 14
15 14
16 15
32 16
17 16
32 17
18 17
33 18
19 18
34 19
20 19
35 0
21 0
36 21
22 21
36 22
37 22
38 22
5 22
23 5
24 23
39 24
25 24
40 25
8 25
41 8
26 8
42 26
27 26
42 27
28 27
43 28
44 28
29 28
44 29
30 29
13 30
45 31
15 31
45 15
32 15
46 32
33 32
47 33
34 33
48 34
20 34
49 20
50 35
36 35
51 36
52 36
37 36
53 37
38 37
54 38
23 38
55 23
56 23
39 23
56 39
40 39
41 40
57 41
42 41
58 42
59 42
43 42
60 43
44 43
61 44
62 44
13 44
63 13
45 13
64 45
65 45
66 45
32 45
67 32
68 46
47 46
69 47
48 47
70 48
49 48
71 49
72 50
51 50
73 51
52 51
74 52
53 52
75 53
54 53
75 54
55 54
76 55
56 55
77 56
78 56
40 56
79 40
57 40
80 57
58 57
81 58
59 58
60 59
82 60
61 60
83 61
62 61
84 62
13 62
85 13
85 63
64 63
86 64
65 64
86 65
66 65
67 66
87 67
68 67
88 68
69 68
89 69
70 69
90 70
71 70
90 71
91 72
73 72
92 73
74 73
93 74
75 74
93 75
94 75
76 75
94 76
77 76
95 77
78 77
95 78
79 78
96 79
80 79
97 80
81 80
97 81
59 81
97 59
82 59
98 82
83 82
98 83
84 83
99 84
85 84
100 85
101 85
86 85
102 86
103 86
66 86
104 66
87 66
105 87
88 87
105 88
89 88
106 89
90 89
107 90
108 90
109 91
92 91
93 92
110 93
111 93
94 93
112 94
113 94
95 94
114 95
115 95
96 95
116 96
97 96
116 97
117 97
118 97
98 97
119 98
120 98
99 98
121 99
100 99
122 100
101 100
123 101
102 101
124 102
103 102
125 103
104 103
126 104
105 104
127 105
128 105
106 105
129 106
107 106
130 107
108 107
92 109
131 92
110 92
111 110
112 111
132 112
113 112
133 113
114 113
115 114
134 115
116 115
135 116
136 116
117 116
136 117
118 117
137 118
119 118
138 119
120 119
139 120
121 120
140 121
122 121
141 122
123 122
141 123
124 123
142 124
125 124
143 125
126 125
144 126
127 126
145 127
128 127
146 128
129 128
130 129
108 130
147 108
148 109
131 109
149 131
111 131
150 111
151 111
132 111
152 132
133 132
153 133
114 133
154 114
134 114
155 134
135 134
136 135
156 136
157 136
137 136
158 137
138 137
139 138
159 139
140 139
159 140
141 140
160 141
142 141
143 142
161 143
144 143
162 144
145 144
163 145
146 145
164 146
129 146
165 129
166 130
147 130
167 147
168 148
149 148
169 149
150 149
170 150
151 150
171 151
152 151
172 152
153 152
173 153
154 153
174 154
155 154
175 155
135 155
176 135
156 135
177 156
157 156
178 157
158 157
179 158
138 158
180 138
159 138
181 159
160 159
182 160
142 160
183 142
161 142
184 161
162 161
185 162
163 162
185 163
164 163
185 164
165 164
186 165
166 165
167 166
187 167
188 168
169 168
189 169
170 169
190 170
171 170
191 171
172 171
192 172
173 172
193 173
174 173
194 174
175 174
176 175
195 176
177 176
178 177
196 178
179 178
197 179
180 179
198 180
181 180
199 181
159 181
200 159
182 159
201 182
183 182
202 183
203 183
184 183
204 184
185 184
205 185
206 185
186 185
207 186
166 186
208 166
187 166
208 187
209 188
189 188
210 189
190 189
211 190
191 190
192 191
212 192
193 192
213 193
194 193
175 194
214 175
195 175
215 195
177 195
216 177
196 177
217 196
197 196
218 197
198 197
219 198
199 198
220 199
200 199
221 200
201 200
222 201
202 201
223 202
203 202
224 203
204 203
225 204
205 204
226 205
185 205
227 185
228 206
207 206
228 207
208 207
229 208
230 208
231 209
210 209
232 210
211 210
233 211
191 211
234 191
212 191
235 212
213 212
236 213
194 213
236 194
214 194
237 214
215 214
216 215
217 216
238 217
218 217
239 218
219 218
239 219
220 219
240 220
221 220
241 221
222 221
242 222
223 222
242 223
224 223
243 224
225 224
244 225
226 225
245 226
227 226
246 227
228 227
247 228
248 228
229 228
230 229
232 231
249 232
233 232
250 233
234 233
235 234
236 235
235 236
251 236
237 236
252 237
215 237
253 215
254 216
238 216
254 238
239 238
255 239
256 239
240 239
257 240
241 240
258 241
242 241
259 242
243 242
260 243
244 243
260 244
245 244
260 245
246 245
261 246
247 246
262 247
248 247
263 248
230 248
264 230
265 230
249 231
231 249
250 249
231 250
234 250
266 235
251 235
267 251
252 251
267 252
253 252
267 253
254 253
268 254
269 254
255 254
270 255
256 255
271 256
257 256
258 257
272 258
242 258
273 242
274 259
260 259
274 260
275 260
276 260
261 260
277 261
262 261
277 262
263 262
278 263
264 263
279 264
265 264
280 231
281 231
235 231
282 235
283 266
267 266
284 267
285 267
286 267
268 267
287 268
269 268
288 269
270 269
289 270
271 270
257 271
290 257
272 257
291 272
273 272
292 273
274 273
293 274
275 274
294 275
276 275
294 276
277 276
295 277
296 277
278 277
279 278
297 279
265 279
298 265
299 280
281 280
299 281
231 281
300 231
301 235
302 282
283 282
284 283
285 284
303 285
286 285
303 286
287 286
304 287
288 287
304 288
289 288
304 289
271 289
305 271
290 271
306 290
291 290
292 291
291 292
293 292
291 293
274 293
307 274
294 274
308 294
295 294
309 295
296 295
310 296
278 296
311 278
297 278
298 297
312 298
313 299
300 299
314 300
301 300
315 301
302 301
316 302
284 302
317 284
303 284
318 303
304 303
319 304
320 304
321 304
305 304
322 305
306 305
323 306
291 306
324 291
325 291
307 291
326 307
308 307
327 308
328 308
309 308
329 309
310 309
330 310
311 310
331 311
297 311
332 297
312 297
333 312
334 313
314 313
335 314
315 314
336 315
316 315
337 316
317 316
338 317
339 317
318 317
340 318
303 318
319 303
320 319
341 320
321 320
342 321
322 321
343 322
323 322
344 323
324 323
345 324
346 324
325 324
347 325
326 325
327 326
348 327
328 327
349 328
329 328
350 329
330 329
351 330
331 330
352 331
332 331
333 332
353 333
354 334
355 334
335 334
356 335
336 335
356 336
337 336
357 337
338 337
358 338
339 338
358 339
340 339
359 340
303 340
360 303
361 319
341 319
342 341
362 342
343 342
363 343
344 343
345 344
364 345
346 345
365 346
347 346
366 347
326 347
367 326
348 326
368 348
349 348
369 349
350 349
370 350
351 350
371 351
352 351
372 352
332 352
372 332
353 332
372 353
373 354
355 354
373 355
356 355
374 356
357 356
375 357
358 357
376 358
377 358
359 358
378 359
360 359
379 360
361 360
380 361
341 361
362 341
381 362
363 362
382 363
344 363
383 344
364 344
383 364
365 364
384 365
366 365
367 366
385 367
368 367
385 368
369 368
370 369
386 370
371 370
387 371
372 371
388 372
389 372
390 373
374 373
356 374
375 356
391 375
376 375
391 376
377 376
392 377
378 377
393 378
379 378
394 379
380 379
394 380
341 380
394 341
381 341
395 381
382 381
396 382
383 382
397 383
398 383
384 383
399 384
366 384
400 366
385 366
401 385
369 385
402 369
386 369
387 386
388 387
372 388
403 372
404 389
405 373
406 390
374 390
407 374
391 374
408 391
409 391
392 391
410 392
393 392
411 393
394 393
412 394
413 394
395 394
396 395
397 396
414 397
398 397
399 398
400 399
415 400
385 400
416 385
417 401
402 401
418 402
387 402
419 387
420 387
420 388
403 388
421 403
404 403
422 404
423 405
406 405
424 406
407 406
425 407
408 407
426 408
409 408
410 409
427 410
411 410
427 411
412 411
413 412
428 413
395 413
429 395
430 396
414 396
431 414
399 414
432 399
433 399
415 399
434 415
416 415
435 416
417 416
418 417
436 418
419 418
437 419
420 419
438 420
439 420
421 420
440 421
422 421
441 422
442 423
424 423
443 424
425 424
444 425
445 425
426 425
445 426
409 426
446 409
427 409
447 427
448 427
412 427
449 412
428 412
450 428
429 428
450 429
430 429
450 430
431 430
451 431
432 431
452 432
433 432
452 433
434 433
453 434
435 434
454 435
417 435
455 417
436 417
455 436
437 436
456 437
438 437
439 438
438 439
440 439
457 440
441 440
458 441
443 442
444 443
445 444
446 445
447 446
448 447
449 448
450 449
451 450
452 451
453 452
454 453
455 454
456 455
438 456
457 438
458 457
1 6 2 6 4 7 4 6 2 3 0 6 2 5 4 6 3 2 3 4 7 0 5 5 2 1 6 1 6 0 3 1 5 6 2 3 1 4 1 3 6 1 2 7 2 3 7 1 5 1 2 4 3 1 3 6 1 0 1 7 0 7 6 6 4 5 4 3 5 3 0 3 7 3 0 6 0 2 3 7 5 3 6 4 1 3 1 6 1 5 1 1 0 4 5 4 0 4 2 0 1 2 0 5 0 5 3 7 0 3 7 0 4 3 7 1 5 6 7 1 3 6 4 7 3 0 7 1 2 4 6 5 3 2 0 7 2 3 5 6 1 2 6 4 2 4 5 4 7 0 5 7 6 0 3 6 5 3 2 3 0 7 3 6 4 0 1 6 0 5 2 0 7 1 4 3 0 7 0 6 0 1 6 3 1 2 4 5 3 1 5 2 4 0 5 4 6 5 7 0 1 5 7 0 6 1 0 2 7 1 5 7 0 7 1 3 2 7 1 2 5 4 1 4 2 1 3 7 3 1 5 2 6 2 0 3 2 7 1 4 2 1 3 4 2 5 3 4 1 7 3 7 3 4 7 0 7 5 4 2 1 7 2 5 3 6 5 0 4 1 7 4 1 2 0 3 6 1 4 1 4 0 2 6 7 1 6 1 2 1 1 7 0 2 7 2 7 7 4 5 0 5 0 4 3 6 5 3 0 6 2 0 6 0 3 4 7 2 3 0 4 0 5 4 6 4 7 3 1 5 7 4 1 0 5 4 5 2 1 6 2 3 6 2 3 0 4 2 2 5 2 1 2 2 3 2 7 5 3 4 3 2 7 0 2 0 5 2 3 0 6 3 7 0 2 1 5 7 5 2 0 1 5 4 2 7 3 2 5 6 6 3 2 4 5 0 4 2 6 5 6 6 3 1 7 5 0 1 0 6 4 0 2 1 6 4 0 4 0 7 3 5 3 7 5 6 2 5 6 7 6 5 1 6 2 6 6 0 6 4 7 6 4 6 0 1 4 0 6 0 4 2 0 7 5 0 5 2 1