227 517
18 0
1 0
2 1
3 2
19 3
4 3
20 4
5 4
20 5
21 5
6 5
7 6
22 7
8 7
23 8
9 8
10 9
11 10
24 11
12 11
24 12
13 12
14 13
25 14
15 14
16 15
25 16
17 16
26 17
2 18
27 2
19 2
28 19
20 19
29 20
21 20
6 21
30 6
22 6
31 22
23 22
32 23
10 23
33 10
24 10
34 24
13 24
25 13
15 25
25 15
26 25
17 26
27 18
35 27
2 27
36 2
28 2
37 28
29 28
38 29
21 29
39 21
40 21
30 21
40 30
31 30
40 31
32 31
33 32
41 33
42 33
34 33
43 34
24 34
44 24
45 25
46 25
47 25
48 26
49 17
35 18
50 35
36 35
37 36
38 37
51 38
39 38
52 39
40 39
53 40
54 40
32 40
54 32
41 32
42 41
41 42
43 42
41 43
44 43
55 44
13 44
56 13
45 13
46 45
47 46
57 47
48 47
58 48
49 48
58 49
59 18
50 18
60 50
36 50
51 37
61 51
52 51
61 52
53 52
61 53
54 53
62 54
63 54
41 54
64 41
65 41
55 41
66 55
56 55
67 56
46 56
67 46
57 46
68 57
58 57
69 58
70 59
60 59
71 60
37 60
72 37
73 37
61 37
73 61
74 61
62 61
75 62
54 62
76 54
64 63
41 64
77 41
66 65
65 66
67 66
78 67
46 67
79 46
68 46
79 68
69 68
80 69
81 69
71 70
70 71
72 71
82 72
73 72
83 73
61 73
84 61
75 74
85 75
76 75
85 76
63 76
86 63
87 64
77 64
88 77
65 77
89 65
78 65
90 78
91 78
79 78
92 79
80 79
93 80
81 80
93 81
94 70
82 70
95 82
83 82
95 83
73 83
96 73
84 73
97 84
74 84
98 74
85 74
98 85
99 85
86 85
87 86
100 87
88 87
101 88
89 88
102 89
90 89
91 90
90 91
92 91
103 92
93 92
104 93
95 94
105 95
96 95
97 96
106 97
98 97
106 98
107 98
99 98
107 99
86 99
108 86
100 86
109 100
101 100
109 101
102 101
109 102
89 102
109 89
110 90
92 90
111 92
112 103
104 103
113 104
93 104
114 93
115 94
116 95
96 105
106 96
117 106
118 106
107 106
119 107
120 107
108 107
121 108
109 108
121 109
122 109
90 109
123 90
124 110
111 110
112 111
125 112
113 112
114 113
126 115
116 115
127 116
95 116
128 95
128 105
117 96
118 117
119 118
120 119
119 120
121 120
119 121
129 121
109 121
130 109
123 122
131 123
124 123
111 124
132 111
125 111
133 125
113 125
127 126
128 127
134 128
96 128
135 96
136 117
137 119
138 119
139 119
140 119
129 119
141 129
130 129
142 130
122 130
143 122
131 122
143 131
124 131
132 124
144 132
133 132
145 133
113 133
146 114
147 126
147 127
134 127
148 134
149 134
135 134
150 135
136 135
151 136
118 136
152 118
137 118
152 137
138 137
153 138
139 138
154 139
140 139
155 140
141 140
156 141
142 141
156 142
143 142
157 143
124 143
158 124
144 124
159 144
145 144
160 145
113 145
146 113
161 146
162 147
163 147
148 147
164 148
149 148
165 149
150 149
165 150
151 150
153 151
152 151
153 152
154 153
155 154
166 155
156 155
167 156
168 156
143 156
169 143
158 157
159 158
170 159
160 159
113 160
161 113
171 161
172 162
163 162
173 163
164 163
165 164
174 165
153 165
175 153
176 153
177 153
178 154
166 154
178 166
167 166
179 167
168 167
169 168
180 169
158 169
181 158
182 158
170 158
183 170
113 170
184 113
171 113
185 171
186 172
173 172
187 173
165 173
188 165
189 165
190 174
175 174
191 175
176 175
177 176
178 177
177 178
179 178
192 179
168 179
193 168
180 168
194 180
181 180
195 181
182 181
196 182
183 182
113 183
197 184
185 184
198 185
199 186
187 186
200 187
188 187
189 188
190 189
191 190
189 191
177 191
201 177
202 177
203 177
192 177
203 192
193 192
204 193
194 193
205 194
195 194
206 195
196 195
113 196
197 113
198 197
197 198
207 199
200 199
208 200
188 200
189 190
177 189
209 177
210 201
202 201
211 202
203 202
212 203
204 203
205 204
206 205
113 206
206 113
213 113
214 197
215 197
208 207
216 208
188 208
217 188
218 189
219 189
209 189
210 209
220 210
202 210
220 202
212 211
221 212
204 212
222 204
223 204
224 205
213 206
206 213
214 213
197 214
225 197
226 215
216 207
217 216
218 217
219 218
209 219
220 209
211 220
221 211
222 221
223 222
224 223
206 224
214 206
225 214
226 225
0 1 2 1 3 2 1 0 2 3 1 0 1 0 1 2 0 2 1 3 0 3 2 3 3 3 0 3 1 2 0 3 0 3 0 2 1 3 1 0 1 1 0 2 1 1 2 0 1 0 3 0 3 0 2 2 1 1 3 3 1 1 0 3 2 2 1 0 3 2 1 0 1 2 0 3 0 0 3 1 0 1 3 1 3 1 2 0 3 0 1 2 0 3 2 0 3 1 3 0 1 0 1 3 0 1 0 2 0 2 3 2 0 2 1 1 3 2 1 3 0 1 0 2 0 3 0 1 2 0 3 3 1 0 3 1 0 0 1 0 2 3 2 1 2 3 0 3 0 1 2 1 2 3 1 3 0 3 2 3 1 1 2 0 2 0 0 3 1 3 0 3 3 1 3 0 2 1 3 0 2 1 3 1 3 2 0 2 3 2 0 3 3 2 1 2 0 0 3 2 1 3 0 2 0 2 3 3 0 3 1 3 1 0 2 3 1 2 3 1 2 0 3 1 0 3 0