222 500
10 0
1 0
11 1
12 1
2 1
12 2
13 2
14 2
15 2
3 2
4 3
3 4
5 4
16 5
6 5
16 6
17 6
18 6
7 6
19 7
8 7
19 8
20 8
21 8
9 8
22 9
11 10
12 11
23 12
24 12
13 12
25 13
14 13
26 14
15 14
27 15
3 15
28 3
16 3
17 16
18 17
6 18
19 6
6 19
20 19
29 20
30 20
21 20
31 21
22 21
31 22
32 11
33 11
23 11
33 23
24 23
34 24
25 24
35 25
26 25
36 26
27 26
37 27
28 27
38 28
16 28
6 17
39 6
40 6
41 6
42 19
29 19
43 29
30 29
31 30
44 31
45 32
33 32
46 33
34 33
47 34
35 34
36 35
38 36
37 36
38 37
28 38
48 28
49 16
39 17
17 39
40 39
50 40
41 40
51 41
42 41
52 42
43 42
53 43
31 43
54 31
55 44
56 45
46 45
57 46
33 46
58 33
47 33
35 47
38 35
35 38
59 38
48 38
38 48
49 48
60 49
17 49
60 17
61 17
50 17
62 50
51 50
62 51
52 51
62 52
53 52
31 53
63 31
63 54
55 54
64 55
65 56
57 56
65 57
58 57
66 58
35 58
67 35
68 35
38 59
60 38
69 60
17 60
62 61
61 62
70 62
71 62
53 62
72 53
63 53
64 63
73 64
74 65
75 65
66 65
76 66
67 66
77 67
68 67
77 68
38 68
78 38
79 38
80 38
81 60
82 69
61 69
83 61
84 61
70 61
85 70
71 70
72 71
63 72
73 63
86 74
75 74
76 75
77 76
87 77
68 77
88 68
78 68
89 78
79 78
90 79
80 79
91 80
81 80
92 81
82 81
93 82
83 82
94 83
84 83
94 84
61 84
95 61
85 61
96 85
71 85
97 71
97 72
97 63
97 73
98 73
99 86
76 86
100 76
87 76
101 87
88 87
102 88
89 88
103 89
90 89
104 90
91 90
92 91
105 92
93 92
106 93
94 93
107 94
95 94
108 95
96 95
109 96
97 96
110 97
111 97
98 97
112 98
113 99
76 99
113 76
114 100
101 100
114 101
87 101
102 87
103 102
104 103
91 104
115 91
105 91
116 105
106 105
117 106
107 106
118 107
108 107
119 108
109 108
120 109
110 109
121 110
111 110
122 111
123 111
112 111
114 113
124 114
87 114
125 87
126 102
115 104
116 115
115 116
117 116
127 117
118 117
128 118
107 118
129 107
119 107
130 119
120 119
131 120
121 120
132 121
111 121
133 111
134 122
123 122
112 123
125 124
126 125
135 126
103 126
135 103
136 104
137 115
138 115
127 115
139 127
128 127
140 128
129 128
140 129
130 129
141 130
131 130
142 131
132 131
143 132
133 132
134 133
133 134
123 134
144 123
145 112
146 113
147 124
148 125
135 125
149 135
150 135
136 135
151 136
137 136
152 137
138 137
153 138
139 138
154 139
140 139
155 140
141 140
156 141
142 141
157 142
143 142
133 143
158 133
144 133
159 144
145 144
160 145
161 146
124 146
162 124
163 147
148 147
149 148
150 149
151 150
150 151
152 151
164 152
153 152
154 153
155 154
165 155
156 155
166 156
157 156
167 157
133 157
167 133
168 133
169 158
159 158
169 159
160 159
170 160
171 161
162 161
172 162
173 162
163 162
148 163
174 148
174 149
175 150
164 150
176 164
153 164
177 155
166 165
178 166
167 166
179 167
180 167
168 167
169 168
181 169
170 169
182 170
183 171
172 171
184 172
173 172
185 173
163 173
174 163
186 174
175 174
187 175
150 175
188 150
176 150
189 176
154 176
189 154
177 154
190 177
165 177
178 165
179 178
178 179
180 179
191 180
169 180
191 169
192 169
182 181
193 183
184 183
194 184
185 184
195 185
163 185
196 163
197 174
188 186
187 186
188 187
189 188
198 189
190 189
189 190
165 190
199 165
200 178
191 178
201 191
192 191
181 192
202 181
203 182
204 193
194 193
205 194
195 194
206 195
196 195
207 196
197 196
208 197
188 197
208 188
209 188
210 189
210 198
189 198
199 189
189 199
178 199
211 178
211 200
201 200
212 201
191 201
212 191
213 192
202 192
214 202
203 202
215 203
216 204
205 204
206 205
205 206
207 206
217 207
208 207
218 208
209 208
210 209
219 210
189 210
220 189
221 189
211 189
212 211
211 212
213 212
214 213
215 214
214 215
205 216
217 205
218 217
208 218
219 209
210 219
220 210
221 220
189 221
0 2 1 3 0 3 0 1 2 0 3 1 0 3 0 2 2 1 2 3 1 3 2 3 1 0 2 0 1 0 3 0 2 0 2 1 0 1 3 3 1 2 0 2 1 3 2 3 0 3 2 3 1 3 1 2 2 0 2 0 2 2 0 2 3 3 0 2 0 1 1 2 1 0 1 0 2 3 2 1 2 1 2 3 1 3 0 0 2 3 0 1 2 1 2 1 2 3 2 1 1 3 1 2 3 0 3 1 0 3 0 2 3 0 2 0 1 0 2 2 0 3 1 0 1 2 0 2 0 3 0 1 2 0 3 1 2 3 2 1 2 1 0 1 3 1 2 2 0 2 0 3 1 0 2 1 3 1 2 1 0 1 2 3 2 0 1 2 1 0 1 2 0 1 1 2 1 3 2 0 3 3 0 0 2 0 3 0 1 0 1 1 2 3 0 3 0 2 3 1 1 3 0 1 0 1 2 1 0 3 1 3 0 1 2 3 3 0 2 2 2 3