219 509
1 0
2 1
3 2
2 3
4 2
15 4
5 4
16 5
6 5
17 6
7 6
17 7
8 7
18 8
19 8
20 8
21 8
9 8
22 9
10 9
11 10
10 11
12 11
23 12
13 12
23 13
14 13
13 14
24 0
2 0
25 2
26 2
15 2
27 15
16 15
28 16
17 16
29 17
18 17
19 18
20 19
21 20
20 21
22 21
20 22
10 22
30 10
23 10
31 23
13 23
32 13
33 24
25 24
34 25
35 25
26 25
36 26
27 26
37 27
28 27
38 28
29 28
39 29
17 29
40 17
19 17
41 19
42 19
42 20
30 20
43 30
10 30
44 10
45 23
13 31
46 13
47 32
34 33
35 34
36 35
48 36
37 36
38 37
49 38
39 38
50 39
40 39
50 40
41 40
51 41
42 41
51 42
52 42
20 42
53 20
54 20
43 20
55 43
44 43
55 44
45 44
55 45
31 45
55 31
46 31
56 46
47 46
57 47
48 35
37 48
48 37
58 37
49 37
58 49
50 49
59 50
60 50
51 50
61 51
62 51
52 51
53 52
63 53
54 53
64 54
55 54
64 55
65 55
56 55
55 56
57 56
66 57
67 33
48 34
68 48
58 48
59 58
58 59
60 59
69 60
61 60
69 61
62 61
70 62
52 62
70 52
63 52
64 63
71 64
72 64
65 64
73 65
55 65
74 55
75 55
66 55
76 66
77 67
34 67
77 34
68 34
77 68
48 68
78 58
79 58
69 58
80 69
70 69
81 70
63 70
71 63
82 71
72 71
82 72
73 72
65 73
74 65
83 74
75 74
76 75
84 76
85 77
86 77
87 77
48 77
88 48
78 48
89 78
79 78
90 79
58 79
90 58
91 69
91 80
81 80
92 81
70 81
93 70
93 63
82 63
94 82
95 82
73 82
96 73
97 65
83 65
97 83
75 83
97 75
84 75
97 84
98 85
86 85
99 86
87 86
100 87
88 87
100 88
89 88
101 89
90 89
102 90
91 90
103 91
92 91
104 92
93 92
105 93
94 93
106 94
95 94
96 95
107 96
97 96
108 97
109 97
110 97
111 98
99 98
112 99
100 99
112 100
101 100
112 101
102 101
113 102
114 102
90 102
115 90
116 91
117 103
104 103
118 104
105 104
118 105
119 105
106 105
119 106
95 106
119 95
107 95
120 107
108 107
120 108
109 108
121 109
110 109
122 110
123 111
112 111
124 112
125 112
113 112
126 113
114 113
127 114
115 114
127 115
116 115
128 116
117 116
128 117
118 117
129 118
119 118
129 119
130 119
120 119
131 120
121 120
109 121
132 109
122 109
133 122
124 123
125 124
124 125
112 125
134 112
126 112
134 126
127 126
134 127
128 127
135 128
118 128
136 129
137 129
130 129
138 130
131 130
139 131
121 131
140 121
141 121
132 121
142 132
133 132
143 133
144 124
145 124
134 124
146 134
147 134
148 134
135 134
149 135
150 135
118 135
151 118
136 118
151 136
137 136
152 137
138 137
153 138
130 138
154 130
139 130
140 139
155 140
141 140
156 141
142 141
157 142
143 142
157 143
158 124
159 144
145 144
160 145
146 145
160 146
134 146
161 134
162 147
148 147
163 148
149 148
150 149
149 150
151 150
152 151
153 152
164 153
154 153
165 154
139 154
155 139
156 155
166 156
157 156
167 157
168 158
159 158
169 159
160 159
161 160
162 161
170 162
163 162
171 163
149 163
172 149
151 149
149 151
173 152
164 152
174 164
165 164
175 165
155 165
176 155
166 155
167 166
166 167
177 168
178 168
169 168
160 169
179 160
170 161
171 170
180 171
172 171
180 172
149 172
181 149
182 149
173 151
174 173
173 174
175 174
176 175
155 176
155 166
183 166
184 167
185 177
178 177
186 178
160 178
187 160
161 179
188 170
180 170
189 180
181 180
182 181
181 182
151 182
190 173
175 173
191 176
192 155
193 155
183 155
194 183
184 183
194 184
195 185
186 185
196 186
160 186
197 160
179 187
188 161
189 188
198 189
199 189
181 189
200 181
151 181
201 151
190 151
175 190
202 175
191 175
203 191
192 191
193 192
204 193
194 193
205 194
206 195
196 195
207 196
197 196
208 197
179 197
209 179
188 179
210 188
211 188
198 188
211 198
199 198
200 199
181 200
212 181
201 181
213 201
190 201
214 190
202 190
215 202
175 202
215 175
203 175
216 203
192 203
204 192
205 204
217 205
218 205
207 206
208 207
179 208
210 209
211 210
199 211
212 200
213 212
214 213
215 214
216 215
204 216
217 204
218 217
3 2 0 1 3 0 3 0 3 2 0 3 2 0 3 1 3 1 2 0 2 0 1 3 1 3 2 0 1 2 1 1 1 3 2 1 3 1 2 3 0 3 1 0 1 0 2 3 0 0 1 2 0 1 0 2 1 2 2 3 2 3 1 3 1 3 3 0 1 1 2 2 3 0 0 3 1 3 1 0 2 0 1 2 2 1 2 1 3 2 1 0 2 0 3 2 1 0 3 0 2 3 0 2 0 2 0 3 1 2 3 0 1 2 1 3 2 0 3 1 2 3 1 3 2 0 0 2 1 2 3 0 1 0 3 2 0 3 0 1 0 1 2 3 1 0 2 0 1 0 3 1 0 1 0 3 2 1 3 2 1 0 1 3 3 2 1 2 1 3 3 0 1 2 1 0 1 2 0 3 2 3 2 2 0 3 2 2 2 1 3 2 0 2 1 2 3 2 3 0 1 2 1 3 1 0 3 1 0 2 0 1 2 3 1 3 2 2 3