224 510
15 0
1 0
16 1
17 1
2 1
3 2
2 3
4 3
18 4
5 4
19 5
6 5
19 6
7 6
20 7
21 7
8 7
22 8
9 8
10 9
11 10
12 11
23 12
13 12
24 13
14 13
25 14
26 15
16 15
17 16
27 17
2 17
28 2
29 2
18 2
30 18
19 18
30 19
20 19
21 20
7 21
31 7
22 7
32 22
9 22
33 9
34 10
35 10
36 11
23 11
11 23
24 23
11 24
25 24
37 25
16 26
27 16
28 27
29 28
38 29
30 29
39 30
19 30
20 21
31 21
40 31
32 31
41 32
33 32
42 33
34 33
43 34
35 34
36 35
11 36
44 11
45 11
37 11
46 37
47 16
48 16
28 16
49 28
50 28
38 28
51 38
30 38
51 30
51 39
20 39
52 20
53 20
40 20
41 40
42 41
43 42
35 43
43 35
11 35
54 11
55 44
45 44
56 45
46 45
57 47
48 47
58 48
49 48
59 49
50 49
51 50
60 51
61 51
52 51
62 52
53 52
63 53
40 53
64 40
42 43
54 43
11 54
55 11
54 55
56 55
65 56
46 56
65 46
66 57
58 57
67 58
59 58
68 59
50 59
69 50
60 50
69 60
61 60
70 61
71 61
62 61
71 62
63 62
64 63
63 64
40 64
72 40
42 40
63 42
54 42
42 54
65 54
73 65
74 66
67 66
75 67
68 67
75 68
69 68
76 69
70 69
77 70
71 70
78 71
63 71
79 63
72 63
63 72
42 63
65 42
80 65
81 65
82 73
75 74
83 75
69 75
83 69
77 76
71 77
84 71
85 78
79 78
63 79
86 63
87 63
88 63
80 42
65 80
89 65
90 81
82 81
83 74
91 83
92 83
77 83
93 77
94 77
84 77
95 84
85 84
96 85
63 85
97 63
98 63
99 86
87 86
100 87
63 87
101 63
80 88
102 80
89 80
90 89
82 90
103 82
104 83
105 91
92 91
106 92
93 92
94 93
107 94
95 94
108 95
96 95
97 96
109 97
98 97
109 98
99 98
109 99
100 99
110 100
101 100
111 101
88 101
112 88
113 80
80 102
80 89
114 90
103 90
114 103
115 104
105 104
104 105
106 105
116 106
93 106
107 93
108 107
96 108
109 96
117 109
110 109
118 110
111 110
119 111
112 111
120 112
113 112
121 113
102 113
122 102
123 80
124 80
114 80
125 114
126 114
104 115
127 104
116 104
128 116
93 116
128 93
129 107
130 108
130 96
131 109
131 117
109 117
132 109
118 109
119 118
133 119
120 119
134 120
121 120
135 121
122 121
136 122
123 122
137 123
124 123
138 124
125 124
139 125
126 125
140 126
127 115
104 127
128 104
141 128
129 128
142 129
130 129
143 130
144 130
131 130
145 131
132 131
146 132
118 132
133 118
147 133
134 133
148 134
135 134
136 135
137 136
136 137
138 137
139 138
149 139
140 139
150 140
151 127
152 127
128 127
153 128
154 128
142 141
143 142
142 143
144 143
155 144
145 144
156 145
146 145
157 146
118 146
158 118
147 118
159 147
148 147
136 148
148 136
160 136
138 136
160 138
149 138
161 149
150 149
162 151
152 151
162 152
153 152
163 153
154 153
164 154
141 154
165 141
165 142
166 142
155 142
156 155
167 156
157 156
158 157
168 158
159 158
169 159
148 159
170 148
171 148
172 148
160 148
172 160
161 160
173 161
150 161
174 150
175 162
176 162
163 162
177 163
164 163
178 164
165 164
179 165
166 165
180 166
155 166
181 155
167 155
182 167
156 167
183 156
184 157
168 157
184 168
169 168
185 169
170 169
185 170
171 170
172 171
171 172
173 172
172 173
174 173
172 174
186 175
176 175
187 176
177 176
188 177
178 177
189 178
179 178
165 179
190 165
180 165
191 180
181 180
182 181
183 182
184 183
183 184
185 184
192 185
171 185
192 171
193 171
194 172
195 172
196 172
197 186
187 186
198 187
188 187
198 188
189 188
199 189
179 189
199 179
190 179
191 190
200 191
182 191
201 182
202 182
203 183
204 183
192 183
205 192
206 192
193 192
207 193
194 193
208 194
195 194
209 195
196 195
210 196
211 197
198 197
212 198
213 198
199 198
214 199
190 199
215 190
200 190
201 200
202 201
216 202
203 202
217 203
183 203
218 183
218 204
192 204
218 192
218 205
206 205
219 206
207 206
220 207
208 207
221 208
194 208
221 194
209 194
222 209
210 209
223 210
212 211
213 212
199 213
215 214
200 215
216 201
217 216
218 217
219 218
220 219
221 220
222 221
223 222
0 1 0 3 0 1 2 1 2 1 3 0 2 0 2 1 0 2 1 3 2 0 3 1 2 0 2 1 2 1 0 3 1 0 2 1 2 2 3 3 0 3 2 3 1 3 0 2 1 0 3 2 3 1 1 3 2 0 2 1 0 3 2 0 3 3 1 0 3 1 2 1 2 0 3 2 2 3 0 2 0 0 2 0 2 1 1 2 1 2 3 3 1 2 1 0 3 2 3 2 1 2 2 1 2 1 0 3 1 0 2 1 2 3 2 0 1 1 3 0 3 2 3 1 2 1 0 1 0 1 2 3 2 1 0 3 2 3 0 2 3 2 0 3 0 1 0 0 1 1 0 3 0 2 1 1 2 3 2 3 3 2 2 0 2 1 2 3 1 0 3 2 0 3 2 1 3 1 0 3 0 3 0 1 2 1 3 0 3 2 2 3 0 3 1 3 1 1 2 0 1 2 3 2 3 1 2 1 0 2 0 2 0 3 2 3 1 0 2 0 3 2 1 3