215 501
17 0
1 0
17 1
2 1
17 2
3 2
17 3
18 3
4 3
6 4
5 4
6 5
19 6
7 6
19 7
8 7
20 8
9 8
10 9
11 10
21 11
12 11
21 12
13 12
14 13
22 14
15 14
23 15
16 15
24 16
25 17
18 17
6 18
26 6
27 6
28 19
29 19
20 19
30 20
9 20
30 9
31 10
21 10
13 21
32 13
22 13
33 22
15 22
33 15
34 23
24 23
34 24
35 25
36 25
17 25
37 17
26 18
18 26
27 26
6 27
38 6
28 6
29 28
39 29
30 29
40 30
41 30
31 30
21 31
31 21
32 21
33 32
42 33
34 33
43 34
44 35
36 35
45 36
25 36
46 25
37 25
18 37
47 18
27 18
47 27
38 27
48 38
28 38
48 28
39 28
48 39
40 39
49 40
41 40
48 41
31 41
48 31
50 31
32 31
51 32
52 33
53 42
43 42
53 43
54 44
45 44
55 45
46 45
18 46
56 18
57 47
48 47
58 48
59 48
49 48
48 49
60 48
50 48
61 50
51 50
62 51
63 51
52 51
64 52
53 52
65 53
66 53
67 53
55 54
68 55
18 55
69 56
57 56
70 57
71 57
58 57
59 58
58 59
48 59
72 48
73 48
74 60
61 60
75 61
62 61
75 62
63 62
64 63
65 64
76 65
66 65
67 66
77 67
78 54
68 54
79 68
18 68
69 18
18 69
70 69
80 70
71 70
81 71
58 71
82 58
83 58
48 58
73 72
72 73
74 73
84 74
75 74
85 75
64 75
86 64
87 64
76 64
87 76
66 76
87 66
77 66
88 77
89 78
79 78
90 79
18 79
91 18
80 18
92 80
81 80
93 81
82 81
83 82
94 83
48 83
95 72
96 72
84 72
96 84
75 84
97 75
98 85
86 85
98 86
87 86
99 87
100 87
101 87
88 87
102 89
90 89
103 90
18 90
104 18
18 91
92 91
105 92
93 92
82 93
94 82
82 94
48 94
106 48
95 48
107 95
96 95
108 96
109 96
97 96
110 97
98 97
111 98
99 98
112 99
100 99
101 100
113 101
88 101
103 102
102 103
104 103
114 104
18 104
115 18
105 18
93 105
116 93
117 82
118 82
106 82
107 106
108 107
119 108
109 108
120 109
110 109
121 110
111 110
122 111
98 111
112 98
100 112
123 100
113 100
88 113
124 88
125 102
114 102
126 114
115 114
18 115
126 18
127 105
116 105
117 116
118 117
117 118
107 118
128 107
129 107
119 107
120 119
121 120
122 121
130 122
98 122
130 98
130 112
123 112
130 123
113 123
131 113
124 113
132 124
102 125
133 102
126 102
115 126
126 115
127 126
126 127
117 127
134 117
128 117
117 128
129 128
117 129
119 129
117 119
121 119
135 121
130 121
136 130
137 130
138 130
131 130
139 131
132 131
139 132
140 125
133 125
126 133
141 126
142 126
134 126
117 134
143 117
144 117
135 117
145 135
130 135
145 130
146 136
137 136
138 137
147 138
139 138
147 139
148 139
149 140
126 140
150 126
142 141
151 142
134 142
152 134
153 134
143 134
154 143
117 143
117 144
145 144
155 145
156 145
146 145
157 146
137 146
157 137
147 137
158 147
148 147
159 148
160 149
150 149
161 150
126 150
162 142
163 151
152 151
164 152
153 152
165 153
154 153
117 154
166 117
155 117
156 155
167 156
145 156
168 145
157 145
169 157
170 157
158 157
171 158
147 158
172 147
159 147
173 159
174 160
161 160
175 161
142 161
176 142
177 162
163 162
164 163
165 164
178 165
154 165
155 166
167 155
168 167
167 168
169 168
170 169
169 170
171 170
179 171
172 171
173 172
180 173
181 174
175 174
182 175
142 175
183 142
177 176
184 177
164 177
185 164
178 164
154 178
186 154
187 117
187 166
188 155
189 167
190 167
169 167
191 169
192 169
179 169
193 179
172 179
194 172
180 172
194 180
195 181
182 181
196 182
183 182
176 183
184 176
197 184
185 184
198 185
178 185
199 178
186 178
199 186
187 186
200 187
188 187
167 188
201 167
201 189
190 189
202 190
191 190
203 191
192 191
193 192
194 193
193 194
204 194
205 195
196 195
206 196
176 196
206 176
197 176
207 197
198 197
208 198
199 198
209 199
210 199
211 199
200 199
212 200
188 200
201 188
202 201
213 202
203 202
214 203
192 203
204 193
206 205
176 206
207 176
208 207
209 208
210 209
211 210
212 211
201 212
213 201
214 213
193 214
3 2 3 0 1 2 0 2 1 0 1 3 1 3 2 1 2 1 2 1 2 0 0 2 3 3 3 1 3 0 1 3 2 3 1 2 1 0 2 2 3 2 1 2 1 2 0 3 0 2 2 0 2 3 3 0 0 1 3 1 2 3 1 2 1 2 1 2 1 3 2 0 1 2 3 2 0 3 1 0 1 2 0 1 0 0 2 3 1 0 1 0 2 3 3 2 3 0 1 2 1 2 3 2 1 1 1 0 2 0 1 2 0 3 2 3 0 2 1 3 1 2 0 2 2 0 0 3 3 1 3 1 3 2 1 1 1 0 1 2 2 3 2 3 3 2 3 3 0 0 3 0 3 2 0 3 0 1 0 2 2 0 0 3 0 1 0 1 3 2 3 1 2 0 0 3 3 2 3 0 1 2 1 0 0 2 2 1 2 0 3 0 1 2 3 0 2 1 3 1 3 3 1 2 0 1 0 2 0 2 3 0 1 2 1