163 341
14 0
1 0
15 1
2 1
16 2
3 2
17 3
4 3
18 4
5 4
6 5
5 6
7 6
19 7
8 7
20 8
9 8
21 9
22 9
10 9
23 10
11 10
24 11
12 11
25 12
13 12
26 13
27 14
15 14
28 15
16 15
17 16
29 17
18 17
30 18
5 18
30 5
19 5
31 19
20 19
32 20
21 20
33 21
22 21
33 22
23 22
34 23
24 23
35 24
25 24
36 25
26 25
37 26
38 27
28 27
39 28
16 28
40 16
29 16
41 29
30 29
41 30
5 30
42 5
31 5
43 31
32 31
44 32
33 32
45 33
34 33
46 34
35 34
47 35
36 35
48 36
37 36
49 37
39 38
50 39
40 39
51 40
41 40
52 41
53 41
42 41
54 42
43 42
55 43
44 43
55 44
33 44
55 33
56 45
46 45
56 46
47 46
57 47
48 47
57 48
49 48
57 49
58 38
50 38
59 50
51 50
60 51
41 51
61 41
61 52
53 52
62 53
54 53
62 54
55 54
63 55
64 55
65 55
56 55
66 56
67 56
57 56
68 57
69 57
70 57
71 58
59 58
72 59
60 59
73 60
61 60
74 61
75 61
62 61
76 62
63 62
76 63
64 63
65 64
66 65
65 66
67 66
77 67
68 67
69 68
68 69
70 69
78 70
72 71
71 72
73 72
79 73
74 73
80 74
75 74
81 75
62 75
82 62
82 76
83 76
64 76
84 64
85 65
86 65
77 65
86 77
68 77
87 68
88 68
78 68
89 78
90 71
79 71
80 79
91 80
81 80
92 81
82 81
93 82
83 82
94 83
84 83
94 84
85 84
95 85
86 85
96 86
87 86
88 87
97 88
89 88
98 89
99 90
79 90
91 79
92 91
100 92
93 92
101 93
82 93
102 82
94 82
103 94
104 94
95 94
104 95
86 95
105 86
106 96
87 96
107 87
97 87
108 97
98 97
109 98
110 99
111 99
79 99
112 91
100 91
113 100
101 100
114 101
102 101
115 102
103 102
116 103
104 103
117 104
118 104
105 104
119 105
106 105
120 106
107 106
108 107
109 108
121 110
111 110
79 111
122 79
112 79
113 112
114 113
123 114
115 114
124 115
116 115
125 116
117 116
126 117
118 117
119 118
120 119
127 120
107 120
128 107
129 108
129 109
130 121
111 121
131 111
122 111
132 122
112 122
132 112
133 113
123 113
134 123
124 123
135 124
125 124
136 125
126 125
136 126
118 126
137 118
127 119
128 127
138 128
129 128
139 129
140 129
141 130
131 130
141 131
132 131
142 132
133 132
143 133
134 133
143 134
135 134
144 135
136 135
145 136
137 136
146 137
119 137
147 119
148 127
138 127
149 138
139 138
149 139
140 139
150 140
151 141
132 141
152 142
143 142
153 143
154 143
144 143
155 144
145 144
156 145
157 145
146 145
158 146
147 146
159 147
148 147
159 148
149 148
160 149
161 149
150 149
162 150
132 151
152 132
153 152
154 153
155 154
156 155
157 156
158 157
159 158
160 159
161 160
162 161
5 3 2 4 0 5 0 4 2 4 1 4 0 2 4 2 1 5 1 1 4 0 3 2 1 5 0 2 4 4 0 0 3 2 3 2 0 1 1 0 2 1 4 2 5 3 4 0 3 5 4 5 4 2 5 1 0 1 5 3 0 3 1 3 5 0 4 2 0 2 5 1 2 5 2 0 0 3 1 2 5 3 5 4 2 4 2 5 3 5 4 1 0 3 1 0 0 4 3 0 4 1 2 0 4 3 5 2 1 4 3 4 4 5 0 1 5 0 1 4 3 1 3 3 0 4 3 5 4 0 0 5 2 4 0 1 2 0 1 2 3 4 3 5 3 5 4 2 4 3 0 3 0 3 1 0 3 0 2 5 2 0 1