169 347
14 0
15 0
1 0
15 1
2 1
16 2
3 2
17 3
4 3
17 4
5 4
18 5
6 5
19 6
7 6
20 7
8 7
21 8
9 8
10 9
22 10
11 10
23 11
12 11
24 12
13 12
25 13
26 14
15 14
26 15
27 15
16 15
28 16
17 16
29 17
18 17
30 18
19 18
31 19
20 19
32 20
21 20
32 21
9 21
33 9
22 9
33 22
23 22
34 23
24 23
35 24
25 24
35 25
36 26
37 26
27 26
38 27
28 27
39 28
17 28
40 17
41 29
30 29
31 30
32 31
42 32
43 32
33 32
43 33
34 33
44 34
35 34
45 35
37 36
46 37
38 37
47 38
39 38
48 39
40 39
48 40
41 40
31 41
41 31
49 31
42 31
43 42
50 43
44 43
51 44
35 44
52 35
53 45
54 36
46 36
55 46
47 46
56 47
48 47
57 48
58 48
41 48
59 41
60 41
49 41
61 49
42 49
61 42
62 43
63 50
64 50
51 50
65 51
52 51
66 52
53 52
66 53
67 54
55 54
68 55
56 55
69 56
57 56
70 57
58 57
70 58
59 58
60 59
71 60
61 60
72 61
73 61
62 61
74 62
63 62
75 63
64 63
76 64
65 64
77 65
66 65
78 66
79 66
80 67
68 67
81 68
69 68
82 69
70 69
82 70
83 70
59 70
83 59
71 59
84 71
72 71
85 72
73 72
86 73
74 73
75 74
76 75
87 76
77 76
88 77
78 77
89 78
79 78
89 79
90 80
81 80
91 81
82 81
92 82
83 82
93 83
94 83
84 83
95 84
85 84
96 85
86 85
97 86
75 86
98 75
87 75
99 87
88 87
89 88
100 89
91 90
101 91
82 91
102 82
103 92
93 92
104 93
94 93
104 94
95 94
96 95
105 96
97 96
105 97
98 97
106 98
107 98
99 98
108 99
89 99
108 89
109 89
110 100
111 90
101 90
112 101
102 101
113 102
103 102
114 103
104 103
115 104
116 104
95 104
117 95
105 95
118 105
119 105
106 105
120 106
107 106
121 107
108 107
122 108
123 108
109 108
124 109
110 109
125 110
126 111
112 111
127 112
113 112
114 113
128 114
115 114
129 115
116 115
130 116
117 116
131 117
118 117
119 118
120 119
121 120
120 121
122 121
132 122
123 122
133 123
124 123
134 124
125 124
135 125
136 126
127 126
137 127
113 127
138 113
128 113
139 128
129 128
140 129
130 129
141 130
131 130
142 131
119 131
143 119
144 119
145 120
146 120
132 120
147 132
133 132
147 133
134 133
135 134
148 136
137 136
149 137
138 137
149 138
139 138
150 139
140 139
151 140
141 140
152 141
142 141
152 142
143 142
153 143
144 143
154 144
145 144
154 145
146 145
155 146
147 146
156 147
135 147
157 135
158 135
159 148
149 148
160 149
150 149
151 150
161 151
152 151
161 152
162 152
153 152
162 153
154 153
163 154
155 154
164 155
156 155
165 156
166 156
157 156
167 157
158 157
168 158
160 159
150 160
161 150
162 161
163 162
154 163
164 154
165 164
166 165
167 166
168 167
1 2 5 1 4 5 3 5 1 4 1 4 0 3 4 3 4 5 1 4 2 3 3 1 2 0 1 4 3 2 3 1 0 1 0 4 0 3 5 0 1 4 3 2 3 2 2 4 2 0 5 1 0 4 5 3 2 3 1 3 5 4 0 1 0 4 3 4 0 1 0 2 0 3 1 3 4 5 4 2 3 4 5 1 4 3 2 2 4 1 5 1 3 0 4 0 1 0 2 3 0 2 4 0 2 2 1 0 2 3 5 0 3 0 1 5 0 3 1 3 4 2 3 4 2 4 3 2 5 3 4 1 5 2 3 2 1 0 5 3 5 3 5 0 1 2 5 1 4 1 0 4 2 4 3 1 4 3 5 1 4 1 0 2 0 5 2 5 4