157 332
14 0
1 0
2 1
15 2
3 2
16 3
4 3
17 4
5 4
6 5
7 6
18 7
8 7
19 8
9 8
20 9
10 9
21 10
11 10
21 11
12 11
13 12
12 13
22 14
1 14
23 1
15 1
24 15
25 15
16 15
26 16
17 16
27 17
6 17
28 6
18 6
29 18
19 18
30 19
20 19
30 20
21 20
31 21
12 21
32 12
23 22
22 23
24 23
22 24
25 24
33 25
26 25
34 26
27 26
35 27
28 27
36 28
6 28
37 6
29 6
38 29
30 29
39 30
31 30
40 31
32 31
31 32
12 32
41 12
42 22
43 22
33 22
44 33
34 33
35 34
45 35
36 35
45 36
37 36
46 37
38 37
30 38
47 39
40 39
48 40
31 40
49 31
50 31
41 31
51 41
52 42
43 42
53 43
44 43
54 44
34 44
55 34
45 34
56 45
57 45
46 45
57 46
38 46
58 38
59 30
47 30
60 47
48 47
61 48
49 48
62 49
50 49
63 50
51 50
64 52
53 52
65 53
54 53
66 54
55 54
67 55
56 55
68 56
57 56
69 57
70 57
58 57
70 58
59 58
71 59
60 59
61 60
72 61
62 61
72 62
63 62
72 63
51 63
73 64
65 64
73 65
53 65
66 53
67 66
74 67
68 67
74 68
69 68
75 69
70 69
76 70
71 70
77 71
60 71
78 60
72 60
79 72
51 72
80 51
66 73
81 66
74 66
82 74
76 74
75 74
76 75
70 76
77 70
83 77
78 77
84 78
72 78
85 79
86 79
80 79
87 80
88 66
89 66
90 81
82 81
91 82
76 82
92 76
93 76
83 70
84 83
83 84
72 84
94 72
85 72
95 85
86 85
96 86
87 86
96 87
97 73
88 73
98 88
89 88
99 89
90 89
100 90
91 90
101 91
92 91
102 92
76 92
103 76
104 93
83 93
105 83
106 83
107 83
94 83
108 94
95 94
109 95
96 95
109 96
110 96
111 97
98 97
112 98
99 98
113 99
100 99
114 100
101 100
114 101
102 101
114 102
103 102
115 103
104 103
116 104
105 104
117 105
106 105
118 106
107 106
118 107
108 107
119 108
109 108
119 109
110 109
120 110
121 111
112 111
122 112
113 112
123 113
114 113
123 114
124 114
115 114
125 115
116 115
126 116
117 116
127 117
118 117
128 118
119 118
128 119
129 119
109 119
130 109
120 109
131 120
122 121
132 122
123 122
133 123
134 123
114 123
135 114
136 124
125 124
137 125
126 125
138 126
127 126
139 127
118 127
140 118
140 128
141 128
129 128
142 129
130 129
143 130
131 130
144 131
132 121
133 132
145 133
134 133
146 134
135 134
147 135
136 135
148 136
137 136
149 137
138 137
150 138
139 138
151 139
140 139
152 140
153 140
141 140
154 141
142 141
154 142
143 142
155 143
144 143
156 144
145 132
146 145
147 146
148 147
149 148
150 149
151 150
152 151
153 152
154 153
155 154
156 155
4 2 0 5 4 5 4 1 4 1 5 1 5 2 1 5 0 3 5 2 0 4 2 3 0 3 4 5 1 2 5 2 3 1 3 0 4 2 1 1 3 0 3 4 0 1 5 3 5 1 0 3 1 0 4 5 0 2 5 2 1 4 3 1 4 3 3 2 3 0 4 5 2 1 0 4 3 1 3 3 5 4 2 5 4 5 0 2 5 1 2 1 0 1 0 4 3 3 1 5 3 4 1 5 2 3 1 0 4 2 1 0 3 1 5 1 4 2 5 3 0 1 0 2 1 3 2 1 1 5 0 4 5 1 4 2 5 1 5 4 2 4 0 2 0 2 1 4 2 0 2 1 4 0 1 5 2