156 330
12 0
13 0
1 0
14 1
2 1
3 2
4 3
3 4
5 4
6 5
7 6
8 7
7 8
15 8
9 8
16 9
10 9
17 10
18 10
11 10
19 11
20 12
13 12
21 13
14 13
22 14
2 14
23 2
24 3
6 3
25 6
25 7
15 7
26 15
16 15
26 16
17 16
27 17
18 17
28 18
19 18
29 19
30 20
21 20
31 21
22 21
31 22
23 22
32 23
24 23
32 24
33 24
6 24
34 6
35 25
36 25
26 25
37 26
38 26
27 26
39 27
28 27
29 28
40 29
41 30
31 30
42 31
43 31
32 31
44 32
45 32
33 32
46 33
34 33
47 34
35 34
48 35
25 35
49 25
50 36
37 36
51 37
38 37
52 38
39 38
53 39
28 39
54 28
40 28
55 40
56 41
42 41
57 42
43 42
57 43
44 43
58 44
45 44
59 45
46 45
60 46
47 46
61 47
48 47
62 48
49 48
63 49
50 49
64 50
51 50
64 51
52 51
65 52
53 52
66 53
54 53
55 54
67 55
68 56
57 56
69 57
58 57
70 58
59 58
60 59
59 60
61 60
71 61
62 61
72 62
63 62
72 63
64 63
73 64
74 64
65 64
75 65
66 65
54 66
67 54
76 68
69 68
57 69
77 57
70 57
78 70
59 70
79 59
80 59
71 59
81 71
72 71
81 72
82 72
73 72
83 73
74 73
84 74
75 74
85 75
66 75
86 66
87 54
88 67
69 76
89 69
77 69
90 77
78 77
90 78
79 78
91 79
80 79
92 80
81 80
93 81
82 81
94 82
83 82
95 83
84 83
95 84
85 84
96 85
86 85
97 86
87 86
98 87
88 87
99 88
100 76
89 76
101 89
90 89
102 90
103 90
91 90
92 91
93 92
92 93
81 93
104 81
94 81
95 94
94 95
105 95
96 95
106 96
97 96
98 97
99 98
107 99
108 100
101 100
109 101
102 101
110 102
103 102
111 103
91 103
112 91
104 92
113 104
94 104
113 94
114 94
105 94
115 105
106 105
116 106
98 106
117 98
118 98
107 98
119 107
109 108
110 109
120 110
111 110
121 111
112 111
122 112
92 112
122 92
123 92
113 92
124 113
125 113
114 113
126 114
115 114
116 115
115 116
117 116
127 117
118 117
128 118
119 118
129 119
130 108
130 109
120 109
131 120
121 120
132 121
122 121
133 122
123 122
134 123
124 123
133 124
125 124
135 125
126 125
115 126
136 115
127 115
136 127
128 127
137 128
129 128
137 129
138 130
139 130
131 130
139 131
132 131
133 132
140 133
134 133
133 134
135 133
141 135
126 135
142 126
143 115
144 136
145 136
137 136
146 137
147 138
139 138
148 139
132 139
148 132
140 132
149 140
133 140
150 133
151 133
141 133
152 141
142 141
143 142
144 143
153 144
145 144
154 145
137 145
155 146
148 147
149 148
150 149
151 150
152 151
143 152
153 143
154 153
137 154
155 137
4 0 1 3 2 4 1 2 5 0 4 2 0 1 3 0 3 5 2 4 1 4 2 0 4 0 5 1 4 1 0 5 1 3 5 3 1 4 2 0 5 3 4 1 0 2 1 2 1 2 5 3 4 1 3 2 4 0 3 4 5 4 0 3 4 1 0 1 3 2 5 5 1 3 0 4 4 5 2 0 2 0 4 0 2 0 4 5 3 5 0 5 0 5 2 4 1 3 1 4 0 4 3 4 4 5 2 3 2 3 0 5 4 5 3 2 0 3 0 5 4 2 5 4 0 1 4 0 5 4 1 0 3 4 5 3 4 1 5 4 1 2 5 3 0 5 4 1 0 3 5 0 1 5 3 0