150 323
13 0
1 0
2 1
14 2
3 2
15 3
4 3
16 4
5 4
17 5
6 5
18 6
7 6
19 7
8 7
19 8
9 8
8 9
10 9
11 10
20 11
12 11
21 12
22 13
1 13
23 1
14 1
24 14
15 14
16 15
17 16
25 17
18 17
19 18
26 19
27 19
8 19
28 8
29 8
10 8
30 10
20 10
31 20
21 20
32 21
12 21
33 12
23 22
34 23
24 23
15 24
25 16
35 25
18 25
36 18
26 18
36 26
27 26
37 27
28 27
38 28
29 28
30 29
39 30
31 30
40 31
32 31
41 32
33 32
42 22
34 22
43 34
24 34
44 24
16 24
45 16
35 16
46 35
36 35
47 36
37 36
48 37
38 37
49 38
29 38
49 29
39 29
50 39
40 39
50 40
41 40
50 41
33 41
51 33
52 42
43 42
53 43
44 43
54 44
45 44
54 45
55 45
46 45
56 46
47 46
57 47
58 47
48 47
49 48
59 49
50 49
60 50
61 50
62 50
51 50
63 51
64 52
53 52
65 53
54 53
66 54
55 54
67 55
56 55
67 56
57 56
68 57
58 57
69 58
49 58
70 59
60 59
61 60
62 61
71 62
63 62
72 63
73 64
65 64
74 65
66 65
75 66
54 66
75 54
67 54
75 67
76 67
68 67
77 68
69 68
77 69
49 69
77 49
70 49
78 70
61 70
79 61
71 61
79 71
72 71
80 72
81 73
74 73
75 74
82 75
83 75
84 75
76 75
85 76
77 76
86 77
87 77
78 77
88 78
61 78
89 61
90 79
80 79
91 80
92 81
74 81
82 74
83 82
93 83
84 83
85 84
94 85
77 85
94 77
87 86
86 87
88 87
95 88
89 88
79 89
96 79
91 90
97 92
82 92
98 82
93 82
99 93
84 93
99 84
94 84
100 94
101 94
86 94
102 86
103 86
95 86
89 95
104 89
96 89
105 96
90 96
106 90
107 91
82 97
108 82
109 98
99 98
110 99
100 99
111 100
101 100
112 101
102 101
113 102
103 102
114 103
86 103
115 86
116 95
104 95
117 104
105 104
118 105
106 105
119 106
107 106
120 107
121 97
108 97
122 108
109 108
110 109
123 110
99 110
111 99
112 111
124 112
113 112
125 113
114 113
126 114
115 114
116 115
117 116
116 117
118 117
127 118
119 118
128 119
120 119
129 120
130 121
122 121
131 122
109 122
132 109
123 109
111 123
123 111
133 111
124 111
134 124
125 124
135 125
126 125
135 126
116 126
136 116
137 116
138 116
127 116
139 127
128 127
129 128
140 130
131 130
141 131
132 131
142 132
123 132
143 123
144 123
133 123
134 133
135 134
145 135
136 135
135 136
137 136
146 137
138 137
147 138
139 138
148 139
129 139
149 129
141 140
142 141
143 142
144 143
133 144
145 134
135 145
146 135
147 146
148 147
149 148
129 149
3 4 2 0 4 1 5 3 4 0 5 2 0 0 5 4 5 3 0 1 0 4 3 5 1 4 2 5 2 5 4 1 5 1 0 3 4 2 1 0 5 2 2 3 0 3 0 1 5 4 1 4 5 2 5 2 4 3 0 3 0 4 2 1 2 0 4 1 4 1 5 1 3 0 3 2 4 3 0 3 5 5 1 5 4 1 4 5 2 1 5 4 0 0 0 3 4 5 0 2 1 5 1 2 4 5 0 1 3 2 5 3 0 5 4 5 2 5 3 4 0 4 0 0 5 2 5 0 5 4 5 2 4 1 4 0 3 5 4 2 0 4 3 5 3 5 4 0 5 2