177 364
1 0
14 1
2 1
15 2
3 2
16 3
4 3
17 4
5 4
6 5
18 6
7 6
19 7
8 7
20 8
9 8
21 9
10 9
22 10
11 10
22 11
23 11
12 11
24 12
13 12
25 13
26 0
14 0
27 14
15 14
28 15
16 15
17 16
5 17
17 5
18 5
29 18
19 18
30 19
20 19
31 20
21 20
32 21
22 21
33 22
34 22
23 22
35 23
24 23
36 24
25 24
37 25
27 26
28 27
38 28
16 28
39 17
40 17
29 17
41 29
30 29
31 30
42 31
32 31
43 32
33 32
44 33
34 33
44 34
35 34
36 35
45 36
37 36
46 37
47 27
38 27
48 38
16 38
49 16
39 16
50 39
40 39
50 40
41 40
30 41
51 30
42 30
52 42
43 42
44 43
53 44
54 44
35 44
55 35
45 35
46 45
56 46
57 27
58 47
48 47
59 48
49 48
60 49
50 49
61 50
62 50
41 50
63 41
51 41
64 51
52 51
65 52
43 52
65 43
53 43
66 53
54 53
66 54
55 54
45 55
67 45
56 45
68 56
69 57
58 57
69 58
59 58
69 59
60 59
70 60
61 60
70 61
62 61
71 62
63 62
72 63
64 63
72 64
65 64
72 65
66 65
73 66
74 66
55 66
75 55
67 55
76 67
68 67
77 68
78 69
79 69
80 69
70 69
81 70
71 70
82 71
72 71
83 72
84 72
85 72
73 72
86 73
74 73
87 74
75 74
88 75
76 75
89 76
77 76
90 77
79 78
91 79
80 79
91 80
81 80
91 81
70 81
91 70
82 70
92 82
83 82
93 83
84 83
94 84
72 84
95 72
96 85
86 85
97 86
87 86
98 87
88 87
98 88
89 88
99 89
90 89
100 90
101 78
91 78
102 91
103 91
104 91
105 91
92 91
106 92
93 92
107 93
94 93
108 94
95 94
109 95
96 95
110 96
97 96
111 97
98 97
112 98
113 98
99 98
114 99
100 99
115 100
116 101
102 101
116 102
103 102
117 103
104 103
118 104
105 104
119 105
106 105
120 106
107 106
108 107
121 108
109 108
122 109
110 109
111 110
123 111
112 111
124 112
113 112
125 113
114 113
126 114
115 114
127 115
128 116
117 116
118 117
129 118
119 118
130 119
120 119
131 120
107 120
132 107
121 107
133 121
122 121
134 122
110 122
135 110
123 110
136 123
124 123
137 124
125 124
138 125
126 125
127 126
126 127
139 128
116 128
140 116
141 117
129 117
130 129
142 130
131 130
143 131
132 131
144 132
133 132
145 133
134 133
146 134
135 134
147 135
136 135
148 136
137 136
149 137
138 137
126 138
150 126
151 139
140 139
152 140
141 140
153 141
129 141
154 129
142 129
155 142
143 142
156 143
144 143
145 144
157 145
146 145
158 146
147 146
148 147
149 148
159 149
138 149
159 138
150 138
160 150
161 150
162 151
152 151
163 152
153 152
164 153
154 153
165 154
155 154
166 155
156 155
167 156
144 156
168 144
157 144
169 157
158 157
170 158
147 158
171 147
172 148
159 148
173 159
174 159
160 159
175 160
161 160
176 161
163 162
164 163
165 164
166 165
167 166
168 167
169 168
170 169
171 170
172 171
173 172
174 173
175 174
176 175
2 6 1 0 5 0 3 0 2 0 5 1 2 4 4 6 3 6 6 7 0 3 7 5 0 7 3 7 2 1 2 1 2 0 6 1 5 2 0 5 3 6 6 1 5 0 4 5 2 4 2 3 4 3 6 7 3 5 6 1 6 4 7 5 7 6 0 6 7 2 5 0 1 4 7 5 2 5 3 1 7 1 6 7 3 5 2 5 2 7 1 0 5 1 2 6 7 0 7 5 7 1 4 6 4 6 1 2 3 5 0 6 1 0 4 6 3 1 2 0 7 0 1 4 7 4 3 1 4 0 7 6 1 7 2 4 6 4 7 3 5 2 5 1 0 3 5 6 1 2 4 6 2 1 2 7 2 4 0 6 3 0 7 6 2 5 4 0 6 7 2 1 5 3 0 1 6