169 350
1 0
2 1
14 2
3 2
15 3
4 3
16 4
5 4
17 5
18 5
6 5
19 6
7 6
20 7
8 7
21 8
9 8
22 9
10 9
23 10
11 10
12 11
13 12
12 13
14 1
15 14
24 15
16 15
25 16
17 16
18 17
17 18
19 18
26 19
20 19
27 20
21 20
28 21
22 21
23 22
29 23
12 23
30 12
31 12
32 12
33 14
34 14
35 14
24 14
35 24
25 24
36 25
17 25
36 17
37 17
26 17
27 26
26 27
28 27
38 28
22 28
39 22
29 22
39 29
30 29
40 30
31 30
41 31
32 31
42 32
43 33
34 33
44 34
35 34
45 35
46 35
36 35
47 36
37 36
48 37
26 37
49 26
50 26
38 26
39 38
40 39
51 40
41 40
52 41
42 41
53 42
44 43
54 44
45 44
55 45
46 45
56 46
47 46
56 47
48 47
50 48
49 48
50 49
39 50
57 39
58 39
59 39
51 39
60 51
52 51
61 52
53 52
62 53
63 43
54 43
64 54
55 54
65 55
56 55
65 56
66 56
67 56
50 56
68 50
69 50
70 50
57 50
71 57
58 57
71 58
59 58
72 59
60 59
73 60
61 60
74 61
62 61
64 63
75 64
65 64
76 65
66 65
77 66
67 66
78 67
68 67
78 68
69 68
79 69
70 69
80 70
71 70
81 71
82 71
72 71
83 72
73 72
84 73
74 73
85 74
62 74
86 62
87 63
75 63
88 75
65 75
89 76
77 76
90 77
78 77
91 78
92 78
79 78
93 79
80 79
94 80
81 80
95 81
82 81
95 82
83 82
96 83
84 83
85 84
86 85
97 86
98 87
88 87
99 88
65 88
89 65
90 89
100 90
91 90
92 91
91 92
93 92
101 93
94 93
95 94
102 95
96 95
103 96
85 96
104 85
105 85
97 85
105 97
106 98
99 98
106 99
65 99
106 65
107 89
100 89
108 100
91 100
109 91
110 91
101 91
110 101
94 101
111 94
102 94
112 102
113 102
103 102
114 103
104 103
105 104
104 105
115 105
116 106
117 106
118 106
107 106
119 107
108 107
120 108
109 108
110 109
121 110
122 110
111 110
123 111
112 111
124 112
113 112
125 113
114 113
126 114
104 114
127 104
128 104
115 104
129 115
130 116
117 116
118 117
131 118
119 118
132 119
120 119
133 120
109 120
134 109
121 109
135 121
122 121
136 122
123 122
137 123
124 123
138 124
125 124
139 125
126 125
140 126
127 126
141 127
128 127
142 128
129 128
143 129
144 130
117 130
145 117
131 117
146 131
132 131
147 132
133 132
148 133
134 133
149 134
135 134
150 135
136 135
137 136
136 137
138 137
136 138
139 138
151 139
140 139
152 140
141 140
153 141
142 141
154 142
143 142
155 143
156 144
145 144
157 145
146 145
158 146
147 146
159 147
148 147
160 148
149 148
161 149
150 149
162 150
136 150
163 136
164 136
151 136
165 151
152 151
166 152
153 152
167 153
154 153
168 154
155 154
157 156
158 157
159 158
160 159
161 160
162 161
136 162
164 163
165 164
166 165
167 166
168 167
155 168
6 1 7 2 0 2 5 4 0 5 3 7 3 2 5 0 2 7 3 7 3 1 2 5 6 5 6 4 6 7 0 1 4 3 2 4 3 4 4 0 1 0 7 0 3 0 1 4 0 1 3 7 1 0 6 2 6 7 6 1 5 4 6 3 2 5 0 5 6 2 0 3 2 1 5 1 2 7 4 0 5 7 2 1 5 7 2 5 2 1 6 7 0 4 7 4 5 6 0 7 4 5 0 7 5 0 1 6 1 0 6 4 2 5 0 2 7 2 0 7 5 4 5 7 5 2 3 0 1 4 4 6 1 6 7 3 4 6 2 5 6 7 0 5 3 5 2 6 5 3 0 2 4 0 4 3 1 4 5 7 3 5 6 1 6 5 7 2 1