176 360
15 0
1 0
16 1
2 1
3 2
4 3
17 4
5 4
18 5
6 5
19 6
7 6
20 7
8 7
21 8
9 8
22 9
10 9
23 10
11 10
24 11
12 11
13 12
12 13
14 13
25 14
26 15
16 15
27 16
3 16
28 3
17 3
28 17
18 17
29 18
19 18
30 19
20 19
31 20
21 20
32 21
22 21
23 22
24 23
33 24
12 24
34 12
35 12
25 12
36 25
37 26
27 26
28 27
38 28
39 28
29 28
40 29
30 29
40 30
31 30
41 31
32 31
42 32
22 32
43 22
44 23
33 23
45 33
34 33
46 34
35 34
46 35
36 35
47 36
48 37
28 37
49 28
50 28
51 38
39 38
52 39
40 39
53 40
54 40
41 40
54 41
42 41
55 42
43 42
56 43
44 43
57 44
45 44
58 45
46 45
58 46
59 46
47 46
60 47
61 48
49 48
62 49
50 49
51 50
63 51
52 51
64 52
53 52
64 53
54 53
65 54
66 54
55 54
56 55
67 56
57 56
68 57
58 57
69 58
70 58
59 58
71 59
60 59
72 60
73 61
62 61
50 62
74 50
63 50
74 63
64 63
75 64
65 64
76 65
66 65
76 66
55 66
76 55
67 55
76 67
68 67
77 68
69 68
78 69
70 69
79 70
71 70
72 71
80 72
81 73
62 73
82 62
74 62
82 74
75 74
83 75
84 75
76 75
85 76
86 76
87 76
88 76
77 76
78 77
79 78
78 79
71 79
89 71
80 71
90 80
91 81
82 81
92 82
93 82
94 82
83 82
95 83
84 83
96 84
85 84
97 85
86 85
98 86
87 86
99 87
88 87
77 88
100 77
101 78
102 78
89 78
103 89
90 89
104 90
105 91
92 91
106 92
93 92
107 93
94 93
108 94
95 94
109 95
96 95
110 96
97 96
111 97
98 97
112 98
99 98
113 99
88 99
113 88
100 88
114 100
101 100
115 101
102 101
103 102
116 103
104 103
117 104
106 105
118 106
107 106
108 107
107 108
109 108
119 109
110 109
120 110
111 110
121 111
112 111
122 112
113 112
123 113
114 113
115 114
124 115
102 115
125 102
116 102
126 116
117 116
127 117
128 105
118 105
128 118
107 118
129 107
130 107
119 107
131 119
120 119
132 120
121 120
133 121
122 121
134 122
113 122
135 113
136 123
114 123
137 114
124 114
138 124
125 124
138 125
126 125
139 126
127 126
139 127
140 128
141 128
129 128
142 129
130 129
143 130
131 130
144 131
132 131
145 132
133 132
146 133
134 133
146 134
135 134
136 135
147 136
137 136
148 137
138 137
149 138
139 138
150 139
151 140
141 140
142 141
152 142
143 142
153 143
144 143
145 144
154 145
146 145
155 146
156 146
135 146
157 135
147 135
158 147
148 147
158 148
149 148
159 149
138 149
160 138
150 138
161 150
162 151
141 151
163 141
152 141
164 152
153 152
165 153
144 153
166 144
154 144
167 154
155 154
168 155
156 155
169 156
157 156
170 157
158 157
171 158
172 158
159 158
160 159
173 160
161 160
174 161
175 161
163 162
164 163
165 164
166 165
167 166
168 167
169 168
170 169
171 170
172 171
159 172
173 159
174 173
175 174
0 6 2 5 6 5 3 4 7 0 5 0 3 4 3 7 0 7 1 7 3 6 7 1 2 1 1 3 4 3 2 4 1 0 7 1 6 5 2 3 4 6 4 1 4 1 2 3 7 5 0 4 2 1 7 6 7 0 3 1 7 6 1 6 4 3 0 3 4 7 5 7 1 2 5 0 2 3 1 2 2 7 6 4 6 0 6 4 7 0 5 5 7 2 0 1 0 7 1 2 2 6 0 2 4 6 3 0 2 7 3 5 3 1 7 4 4 7 4 6 2 3 6 0 5 3 7 6 1 7 1 7 5 6 7 2 3 6 2 5 5 3 2 4 1 7 5 7 5 6 3 6 7 2 3 2 4 7 2 0 5 2 2 4 3 4 6 1 0 5 1 0 7 3 4 7