179 363
1 0
0 1
2 1
11 2
12 2
3 2
13 3
14 3
4 3
15 4
5 4
16 5
6 5
17 6
7 6
18 7
19 7
8 7
20 8
9 8
21 9
22 9
10 9
22 10
23 0
11 0
24 11
12 11
25 12
13 12
26 13
14 13
27 14
15 14
28 15
16 15
28 16
17 16
29 17
18 17
30 18
19 18
31 19
20 19
32 20
21 20
33 21
22 21
34 22
35 22
36 0
37 23
24 23
38 24
25 24
39 25
26 25
40 26
27 26
41 27
28 27
42 28
43 28
29 28
44 29
30 29
45 30
31 30
46 31
32 31
33 32
47 33
34 33
47 34
35 34
48 35
49 36
37 36
38 37
50 38
39 38
40 39
51 40
41 40
52 41
42 41
53 42
43 42
53 43
44 43
54 44
45 44
55 45
46 45
56 46
32 46
56 32
47 32
57 47
58 47
48 47
59 48
60 49
37 49
61 37
50 37
62 50
39 50
63 39
51 39
64 51
52 51
65 52
53 52
66 53
67 53
54 53
68 54
55 54
69 55
56 55
70 56
57 56
71 57
58 57
72 58
59 58
73 59
74 60
61 60
75 61
62 61
76 62
63 62
77 63
64 63
65 64
78 65
66 65
79 66
67 66
80 67
68 67
80 68
69 68
81 69
70 69
82 70
71 70
83 71
72 71
84 72
73 72
85 73
86 74
75 74
87 75
76 75
88 76
77 76
89 77
64 77
90 64
78 64
91 78
79 78
92 79
80 79
93 80
81 80
94 81
82 81
95 82
96 82
83 82
97 83
84 83
98 84
85 84
99 85
87 86
88 87
100 88
89 88
101 89
90 89
102 90
91 90
103 91
92 91
104 92
93 92
105 93
94 93
106 94
95 94
107 95
96 95
108 96
97 96
109 97
98 97
110 98
99 98
111 99
112 87
113 87
100 87
113 100
101 100
114 101
102 101
115 102
103 102
116 103
104 103
117 104
105 104
118 105
119 105
106 105
120 106
107 106
121 107
108 107
121 108
109 108
122 109
110 109
111 110
123 111
124 112
113 112
125 113
114 113
126 114
115 114
116 115
127 116
117 116
118 117
128 118
119 118
129 119
120 119
121 120
120 121
122 121
130 122
110 122
123 110
131 123
132 124
125 124
133 125
126 125
134 126
115 126
135 115
127 115
136 127
117 127
128 117
137 128
129 128
120 129
138 120
139 121
130 121
140 130
110 130
131 110
110 131
141 132
133 132
142 133
125 133
143 125
134 125
144 134
135 134
145 135
136 135
146 136
117 136
147 117
137 117
147 137
129 137
148 129
149 120
150 138
139 138
151 139
140 139
152 140
110 140
153 110
154 110
155 141
142 141
156 142
143 142
145 143
144 143
145 144
146 145
145 146
147 146
157 147
158 147
148 147
159 148
149 148
160 149
150 149
151 150
161 151
152 151
162 152
153 152
163 153
154 153
163 154
164 155
156 155
165 156
145 156
166 145
167 145
168 145
169 145
157 145
170 157
158 157
171 158
159 158
172 159
160 159
173 160
150 160
174 150
161 150
175 161
162 161
176 162
163 162
177 163
178 163
165 164
166 165
167 166
168 167
169 168
170 169
171 170
172 171
173 172
174 173
175 174
176 175
177 176
178 177
4 1 5 4 0 7 0 7 4 3 0 1 6 2 5 2 3 7 5 4 6 2 6 6 3 2 0 4 5 2 0 3 7 4 3 4 2 3 6 3 1 7 3 0 7 4 1 2 0 5 1 2 5 7 0 3 6 7 4 3 6 4 6 5 4 7 4 1 2 4 1 6 7 0 7 3 5 2 3 5 0 5 4 5 3 1 2 7 1 5 7 2 3 1 2 1 3 4 1 4 0 4 3 4 6 4 5 0 7 5 7 0 2 4 5 7 0 7 5 2 6 5 3 2 1 2 1 5 0 7 1 3 7 4 4 1 3 2 7 2 4 2 5 0 6 7 2 1 3 0 3 6 3 2 4 3 6 2 0 2 4 5 7 6 4 2 3 6 2 5 0 1 0 5 0 7 1 3 4