156 335
13 0
1 0
13 1
2 1
14 2
3 2
15 3
4 3
5 4
16 5
6 5
16 6
7 6
16 7
8 7
16 8
17 8
9 8
18 9
10 9
19 10
11 10
20 11
12 11
21 12
22 13
23 13
14 13
24 14
15 14
24 15
4 15
16 4
25 16
26 16
27 16
17 16
18 17
28 18
29 18
19 18
30 19
20 19
31 20
21 20
31 21
32 22
23 22
24 23
33 24
34 24
4 24
35 4
25 4
36 25
26 25
27 26
37 27
17 27
38 17
28 17
39 28
29 28
40 29
30 29
41 30
31 30
42 31
43 31
44 32
23 32
45 23
33 23
46 33
34 33
47 34
35 34
48 35
36 35
49 36
26 36
37 26
50 37
38 37
51 38
17 38
52 17
39 17
53 39
40 39
53 40
41 40
54 41
42 41
43 42
55 44
45 44
56 45
46 45
57 46
47 46
58 47
48 47
59 48
49 48
59 49
26 49
60 26
50 26
61 50
51 50
62 51
52 51
53 52
52 53
54 53
63 54
42 54
64 42
65 43
66 55
56 55
67 56
57 56
67 57
58 57
68 58
59 58
69 59
60 59
70 60
61 60
71 61
62 61
72 62
52 62
73 52
74 52
75 52
63 52
76 63
64 63
77 64
65 64
78 66
67 66
79 67
80 67
68 67
59 68
81 59
82 69
70 69
83 70
71 70
84 71
72 71
73 72
85 73
74 73
75 74
76 75
77 76
86 77
65 77
87 65
79 78
88 79
80 79
68 80
81 68
89 81
82 81
90 82
83 82
91 83
84 83
92 84
72 84
93 72
85 72
94 85
74 85
95 74
76 74
96 76
86 76
96 86
87 86
96 87
88 78
78 88
80 88
97 80
97 68
89 68
90 89
98 90
91 90
99 91
92 91
100 92
93 92
101 93
94 93
102 94
95 94
103 95
96 95
104 96
105 96
106 96
107 78
108 78
97 78
109 97
89 97
110 89
98 89
99 98
111 99
100 99
101 100
112 101
102 101
103 102
102 103
104 103
113 104
105 104
113 105
114 105
106 105
115 106
116 107
108 107
116 108
97 108
117 97
118 109
110 109
119 110
98 110
120 98
111 98
120 111
100 111
112 100
121 112
102 112
122 102
123 102
113 102
124 113
125 113
114 113
126 114
115 114
127 116
128 116
117 116
129 117
118 117
129 118
119 118
130 119
120 119
131 120
100 120
121 100
132 121
122 121
123 122
124 123
133 124
125 124
134 125
126 125
135 126
115 126
136 115
137 127
128 127
138 128
129 128
139 129
140 129
130 129
131 130
120 131
141 100
132 100
141 132
123 132
141 123
142 123
133 123
143 133
134 133
144 134
135 134
145 135
136 135
146 137
138 137
147 138
139 138
148 139
140 139
149 140
131 140
141 120
150 141
151 141
152 141
142 141
153 142
143 142
154 143
144 143
155 144
145 144
136 145
145 136
147 146
148 147
149 148
131 149
150 131
151 150
152 151
153 152
154 153
155 154
145 155
5 6 0 6 3 2 1 3 1 4 6 7 3 1 3 0 7 4 2 4 1 0 4 5 4 5 4 0 5 3 5 3 3 3 2 7 1 1 6 7 0 4 5 2 2 6 1 7 4 5 2 1 7 3 0 5 4 3 6 1 0 7 4 3 4 7 3 5 0 4 5 1 5 1 3 2 4 0 0 4 7 5 3 6 7 0 7 6 6 2 5 3 2 3 1 4 1 6 6 0 1 0 4 1 7 6 3 2 4 3 1 2 7 1 4 2 0 7 6 2 5 0 1 5 4 0 6 6 7 4 5 3 4 1 3 5 3 3 6 5 2 6 4 2 1 2 1 7 2 6 2 7 4 6 1 7